TIMESTAMPms	M1ATTITUDEyawspeed	M1ATTITUDEyaw	Rud
0	0.027953	-2.631046	0.109594
9	0.029264	-2.630593	0.109594
18	0.029777	-2.630300	0.109594
27	0.029986	-2.630049	0.109594
36	0.029214	-2.629779	0.109594
45	0.027991	-2.629551	0.106597
57	0.025648	-2.629288	0.106597
64	0.024614	-2.629245	0.106597
72	0.022815	-2.629226	0.106597
83	0.021154	-2.629269	0.106597
91	0.019421	-2.629432	0.106597
99	0.017868	-2.629562	0.103443
108	0.016516	-2.629701	0.103443
117	0.015849	-2.629935	0.103443
125	0.015868	-2.630258	0.103443
136	0.015989	-2.630511	0.103443
145	0.016663	-2.630767	0.100288
154	0.018083	-2.631016	0.100288
167	0.020044	-2.631385	0.099750
173	0.021655	-2.631597	0.099750
180	0.024186	-2.631788	0.099750
190	0.026886	-2.631975	0.099750
198	0.032003	-2.632283	0.099160
208	0.035065	-2.632539	0.099160
216	0.038100	-2.632751	0.099160
226	0.041261	-2.632993	0.099160
236	0.044263	-2.633156	0.099160
245	0.048660	-2.633331	0.098588
253	0.050748	-2.633399	0.098588
262	0.052446	-2.633447	0.098588
275	0.054349	-2.633451	0.098588
281	0.057829	-2.633387	0.098588
288	0.059724	-2.633295	0.098588
294	0.060152	-2.633259	0.098058
300	0.060833	-2.633207	0.098058
307	0.062126	-2.633105	0.098058
316	0.063694	-2.632975	0.098058
325	0.063937	-2.632889	0.098058
334	0.064412	-2.632771	0.098058
343	0.064977	-2.632687	0.097554
352	0.063798	-2.632530	0.097554
361	0.061748	-2.632439	0.097554
370	0.058399	-2.632305	0.097554
378	0.055180	-2.632226	0.097554
387	0.047869	-2.632175	0.099510
393	0.043214	-2.632167	0.101733
406	0.035042	-2.632247	0.101733
411	0.030920	-2.632328	0.101733
469	-0.027124	-2.634805	0.103968
478	-0.034849	-2.635411	0.103968
487	-0.042701	-2.636056	0.103968
497	-0.051412	-2.636850	0.106148
504	-0.063405	-2.637981	0.106148
515	-0.071056	-2.638824	0.106148
523	-0.077892	-2.639702	0.106148
532	-0.083424	-2.640612	0.106148
541	-0.090357	-2.642000	0.108376
550	-0.094503	-2.642937	0.108376
559	-0.099705	-2.644038	0.108376
568	-0.102574	-2.644992	0.108376
577	-0.104474	-2.646429	0.108376
586	-0.104850	-2.647361	0.108376
596	-0.104689	-2.648276	0.107556
608	-0.103727	-2.649167	0.108375
614	-0.101723	-2.650143	0.108375
623	-0.099415	-2.651265	0.108375
632	-0.097645	-2.651976	0.108375
640	-0.095095	-2.652620	0.108375
650	-0.092445	-2.653208	0.109302
658	-0.089629	-2.653948	0.109302
669	-0.086616	-2.654352	0.109302
676	-0.082908	-2.654732	0.109302
685	-0.079116	-2.654962	0.109302
695	-0.074487	-2.655218	0.110150
704	-0.071541	-2.655328	0.110150
717	-0.068422	-2.655401	0.110150
723	-0.065828	-2.655440	0.110150
732	-0.062571	-2.655324	0.110150
739	-0.060594	-2.655171	0.110150
745	-0.059562	-2.655098	0.111002
751	-0.058672	-2.655024	0.111002
758	-0.057486	-2.654828	0.111002
767	-0.057359	-2.654463	0.111002
776	-0.056404	-2.654178	0.111002
785	-0.055663	-2.653820	0.111002
793	-0.055807	-2.653465	0.109417
804	-0.055673	-2.653071	0.109417
812	-0.055906	-2.652561	0.109417
825	-0.055453	-2.652233	0.109282
831	-0.055136	-2.651943	0.109282
838	-0.055870	-2.651619	0.109282
847	-0.055740	-2.651193	0.109390
857	-0.055534	-2.650993	0.109390
866	-0.056264	-2.650731	0.109390
875	-0.057112	-2.650578	0.109390
884	-0.056753	-2.650353	0.109390
893	-0.055850	-2.650213	0.109523
902	-0.055234	-2.650115	0.109523
911	-0.055053	-2.650045	0.109523
921	-0.054153	-2.650054	0.109523
929	-0.052015	-2.650129	0.109523
947	-0.049080	-2.650294	0.109649
955	-0.047485	-2.650411	0.109649
964	-0.046627	-2.650540	0.109649
975	-0.046213	-2.650771	0.109649
983	-0.044974	-2.650987	0.109649
994	-0.042908	-2.651289	0.109833
1002	-0.037890	-2.651643	0.109833
1011	-0.034699	-2.651851	0.109833
1019	-0.031863	-2.652063	0.109833
1028	-0.028066	-2.652273	0.109833
1038	-0.019600	-2.652613	0.109833
1050	-0.013848	-2.652824	0.109877
1056	-0.007211	-2.653028	0.109877
1064	-0.001008	-2.653114	0.109877
1072	0.009774	-2.653179	0.109877
1084	0.016938	-2.653204	0.109877
1091	0.023443	-2.653134	0.109877
1101	0.029991	-2.653063	0.110114
1110	0.039550	-2.652847	0.110114
1118	0.047394	-2.652568	0.110114
1127	0.054538	-2.652274	0.110114
1138	0.061888	-2.651979	0.110114
1145	0.068001	-2.651580	0.110321
1159	0.076439	-2.650936	0.111392
1172	0.086843	-2.649913	0.111392
1181	0.092488	-2.649232	0.111392
1187	0.096698	-2.648771	0.111392
1200	0.106205	-2.647652	0.110824
1208	0.109744	-2.646915	0.110824
1226	0.117940	-2.644997	0.750000
1235	0.120775	-2.644184	0.750000
1254	0.123409	-2.642489	0.750000
1267	0.124491	-2.641067	0.750000
1273	0.120515	-2.639955	0.750000
1280	0.109840	-2.638994	0.750000
1286	0.097551	-2.638456	0.750000
1299	0.052240	-2.637620	0.750000
1308	0.008468	-2.637563	0.750000
1317	-0.030547	-2.637874	0.750000
1325	-0.063128	-2.638527	0.750000
1335	-0.089449	-2.639345	0.750000
1344	-0.124732	-2.641047	0.750000
1361	-0.157247	-2.643940	0.750000
1381	-0.191374	-2.648650	0.750000
1389	-0.205746	-2.650671	0.750000
1398	-0.218536	-2.652760	0.750000
1407	-0.228997	-2.655023	0.750000
1415	-0.245112	-2.658490	0.750000
1424	-0.258949	-2.661365	0.750000
1434	-0.269291	-2.663975	0.750000
1443	-0.278114	-2.666615	0.750000
1452	-0.293030	-2.670779	0.750000
1461	-0.304257	-2.673632	0.750000
1470	-0.314258	-2.676627	0.750000
1479	-0.322032	-2.679636	0.750000
1488	-0.331215	-2.684782	0.750000
1498	-0.335940	-2.687940	0.750000
1506	-0.339052	-2.691090	0.750000
1515	-0.340036	-2.694299	0.750000
1525	-0.339171	-2.697494	0.750000
1533	-0.338120	-2.702190	0.750000
1542	-0.338033	-2.705290	0.750000
1551	-0.337069	-2.708955	0.750000
1560	-0.335719	-2.711994	0.750000
1571	-0.336387	-2.716616	0.750000
1579	-0.337775	-2.719670	0.750000
1587	-0.338268	-2.722695	0.750000
1599	-0.338933	-2.725705	0.750000
1606	-0.341081	-2.730762	0.750000
1614	-0.343102	-2.733749	0.750000
1624	-0.345991	-2.736750	0.750000
1632	-0.349166	-2.739700	0.750000
1641	-0.355605	-2.744200	0.750000
1650	-0.362153	-2.747194	0.750000
1659	-0.369475	-2.750250	0.750000
1665	-0.374546	-2.752726	0.750000
1677	-0.385905	-2.758563	0.750000
1687	-0.392857	-2.761676	0.750000
1695	-0.399467	-2.764823	0.750000
1708	-0.406445	-2.768008	0.750000
1714	-0.413515	-2.771256	0.750000
1722	-0.426024	-2.776189	0.750000
1728	-0.434458	-2.779104	0.750000
1741	-0.448548	-2.783528	0.750000
1749	-0.459263	-2.786994	0.750000
1757	-0.478213	-2.792373	0.750000
1768	-0.492495	-2.796107	0.750000
1776	-0.506779	-2.799890	0.750000
1786	-0.520277	-2.803804	0.750000
1794	-0.540779	-2.809860	0.750000
1804	-0.556092	-2.814712	0.750000
1821	-0.577425	-2.823314	0.750000
1830	-0.591780	-2.829976	0.750000
1840	-0.601078	-2.834536	0.750000
1849	-0.609053	-2.839173	0.750000
1858	-0.616075	-2.843842	0.750000
1867	-0.621868	-2.849339	0.750000
1876	-0.626474	-2.856462	0.750000
1884	-0.628246	-2.861240	0.750000
1894	-0.628607	-2.866054	0.750000
1903	-0.626712	-2.870825	0.750000
1912	-0.622772	-2.878005	0.750000
1925	-0.619864	-2.882729	0.750000
1932	-0.615461	-2.888249	0.750000
1939	-0.611417	-2.892882	0.750000
1947	-0.604126	-2.899823	0.750000
1959	-0.599846	-2.904380	0.750000
1966	-0.595265	-2.908878	0.750000
1975	-0.590011	-2.913354	0.750000
1984	-0.583441	-2.920738	0.750000
1993	-0.581775	-2.925101	0.750000
2002	-0.580388	-2.929433	0.750000
2011	-0.578825	-2.933774	0.750000
2020	-0.578801	-2.940270	0.750000
2038	-0.581058	-2.948876	0.750000
2047	-0.582493	-2.953189	0.750000
2056	-0.584076	-2.958243	0.750000
2064	-0.585743	-2.964799	0.750000
2075	-0.588647	-2.969157	0.750000
2083	-0.591382	-2.973533	0.750000
2095	-0.593282	-2.977928	0.750000
2101	-0.596587	-2.984585	0.750000
2110	-0.599854	-2.989784	0.750000
2119	-0.602583	-2.994217	0.750000
2124	-0.604419	-2.997637	0.750000
2138	-0.608229	-3.005507	0.750000
2148	-0.610352	-3.010031	0.750000
2156	-0.612839	-3.014553	0.750000
2164	-0.615313	-3.019097	0.750000
2173	-0.619157	-3.026817	0.750000
2183	-0.619589	-3.031342	0.750000
2191	-0.619833	-3.035936	0.750000
2201	-0.619709	-3.040535	0.750000
2209	-0.618898	-3.047570	0.750000
2219	-0.617082	-3.052143	0.750000
2227	-0.614374	-3.056723	0.750000
2236	-0.610695	-3.062118	0.750000
2246	-0.607148	-3.066638	0.750000
2264	-0.593574	-3.077917	0.750000
2273	-0.586584	-3.082320	0.750000
2282	-0.579743	-3.086612	0.750000
2290	-0.566796	-3.093045	0.750000
2299	-0.556635	-3.097938	0.750000
2309	-0.548101	-3.101985	0.750000
2317	-0.539259	-3.106009	0.750000
2326	-0.527340	-3.112011	0.750000
2336	-0.518340	-3.115874	0.750000
2345	-0.509707	-3.119648	0.750000
2353	-0.501860	-3.123394	0.750000
2367	-0.488770	-3.129689	0.750000
2373	-0.481374	-3.133239	0.750000
2381	-0.473690	-3.136782	0.750000
2390	-0.466176	-3.140234	0.750000
2399	-0.458749	-3.143622	0.750000
2407	-0.447495	-3.148785	0.750000
2419	-0.439244	-3.152072	0.750000
2426	-0.430257	-3.155752	0.750000
2435	-0.422614	-3.158713	0.750000
2444	-0.411487	-3.163276	0.750000
2453	-0.404311	-3.166109	0.750000
2461	-0.397878	-3.169000	0.750000
2489	-0.374856	-3.179506	0.750000
2499	-0.370104	-3.182184	0.750000
2507	-0.366941	-3.184901	0.750000
2515	-0.362571	-3.189086	0.750000
2534	-0.361341	-3.194332	0.750000
2539	-0.361845	-3.196083	0.750000
2553	-0.364586	-3.201343	0.750000
2560	-0.367713	-3.203949	0.750000
2566	-0.370391	-3.205867	0.750000
2580	-0.375786	-3.209357	0.750000
2590	-0.380801	-3.212118	0.750000
2598	-0.388693	-3.216458	0.750000
2606	-0.394355	-3.219261	0.750000
2615	-0.401625	-3.222793	0.750000
2624	-0.407120	-3.225842	0.750000
2633	-0.415666	-3.230578	0.750000
2643	-0.422268	-3.233671	0.750000
2651	-0.429144	-3.236867	0.750000
2660	-0.434891	-3.240123	0.750000
2670	-0.444585	-3.245761	0.750000
2678	-0.450780	-3.249090	0.750000
2687	-0.456762	-3.252470	0.750000
2699	-0.462724	-3.255818	0.750000
2705	-0.471533	-3.260987	0.750000
2714	-0.476637	-3.264361	0.750000
2724	-0.480688	-3.267834	0.750000
2732	-0.485297	-3.272100	0.750000
2741	-0.491230	-3.277671	0.750000
2750	-0.493864	-3.281385	0.750000
2759	-0.496062	-3.285114	0.750000
2769	-0.497916	-3.288819	0.750000
2777	-0.497359	-3.292574	0.750000
2787	-0.494066	-3.298193	0.750000
2795	-0.491890	-3.302539	0.750000
2808	-0.490001	-3.306027	0.750000
2815	-0.486786	-3.309583	0.750000
2822	-0.481949	-3.315026	0.750000
2832	-0.478629	-3.318511	0.750000
2841	-0.475585	-3.321940	0.750000
2850	-0.471608	-3.325407	0.750000
2860	-0.464520	-3.331243	0.750000
2867	-0.460760	-3.334609	0.750000
2885	-0.455032	-3.341246	0.750000
2895	-0.452214	-3.346316	0.750000
2904	-0.450510	-3.349557	0.750000
2918	-0.450709	-3.356735	0.750000
2940	-0.451167	-3.364892	0.750000
2950	-0.451810	-3.368032	0.750000
2958	-0.452407	-3.371213	0.750000
2967	-0.453936	-3.374363	0.750000
2975	-0.456847	-3.379426	0.750000
2984	-0.458478	-3.383343	0.750000
2994	-0.459822	-3.386612	0.750000
3003	-0.461697	-3.389931	0.750000
3011	-0.463258	-3.395141	0.750000
3026	-0.463746	-3.398457	0.750000
3031	-0.464423	-3.401831	0.750000
3039	-0.464439	-3.405216	0.750000
3048	-0.462674	-3.410950	0.750000
3057	-0.461450	-3.414267	0.750000
3066	-0.459373	-3.417504	0.750000
3075	-0.457065	-3.420806	0.750000
3085	-0.455210	-3.425811	0.750000
3093	-0.454614	-3.429084	0.750000
3102	-0.454814	-3.432349	0.750000
3111	-0.453915	-3.436232	0.750000
3120	-0.452556	-3.441302	0.750000
3139	-0.449651	-3.447817	0.750000
3147	-0.446795	-3.451045	0.750000
3156	-0.446141	-3.454301	0.750000
3164	-0.446335	-3.459277	0.750000
3176	-0.445048	-3.463049	0.750000
3183	-0.444155	-3.466216	0.750000
3193	-0.444824	-3.469308	0.750000
3202	-0.443595	-3.474149	0.750000
3210	-0.442181	-3.477266	0.750000
3219	-0.441555	-3.480367	0.750000
3228	-0.443149	-3.483423	0.750000
3237	-0.445729	-3.488980	0.750000
3249	-0.445293	-3.492078	0.750000
3256	-0.444493	-3.495228	0.750000
3264	-0.445863	-3.498455	0.750000
3273	-0.448855	-3.503492	0.750000
3283	-0.448689	-3.506697	0.750000
3291	-0.448806	-3.510561	0.750000
3301	-0.450940	-3.513793	0.750000
3310	-0.453936	-3.517028	0.750000
3319	-0.455487	-3.522141	0.750000
3327	-0.455922	-3.525467	0.750000
3333	-0.456967	-3.527264	0.750000
3345	-0.459923	-3.532073	0.750000
3364	-0.459094	-3.541139	0.750000
3373	-0.458968	-3.544396	0.750000
3381	-0.460026	-3.547762	0.750000
3390	-0.459599	-3.552958	0.750000
3396	-0.458440	-3.555857	0.750000
3409	-0.456049	-3.559504	0.750000
3418	-0.455346	-3.562795	0.750000
3426	-0.453557	-3.568396	0.750000
3435	-0.451323	-3.571630	0.750000
3445	-0.448158	-3.574843	0.750000
3454	-0.446731	-3.577982	0.750000
3468	-0.445528	-3.582887	0.750000
3473	-0.443645	-3.585975	0.750000
3481	-0.441831	-3.589132	0.750000
3489	-0.440215	-3.592862	0.750000
3498	-0.440179	-3.596006	0.750000
3508	-0.437874	-3.600838	0.750000
3517	-0.436701	-3.603981	0.750000
3526	-0.436685	-3.607065	0.750000
3535	-0.437797	-3.610231	0.750000
3544	-0.436973	-3.615626	0.750000
3553	-0.436506	-3.618724	0.750000
3561	-0.436965	-3.621827	0.750000
3576	-0.438254	-3.624841	0.750000
3589	-0.437759	-3.632664	0.750000
3598	-0.437623	-3.635813	0.750000
3607	-0.439588	-3.639445	0.750000
3616	-0.441325	-3.644315	0.750000
3624	-0.440984	-3.647464	0.750000
3635	-0.441216	-3.650552	0.750000
3643	-0.442735	-3.653724	0.750000
3653	-0.444190	-3.656827	0.750000
3661	-0.445529	-3.662342	0.750000
3671	-0.445587	-3.665472	0.750000
3679	-0.446994	-3.668665	0.750000
3688	-0.449220	-3.671881	0.750000
3698	-0.450140	-3.676815	0.750000
3706	-0.450429	-3.679974	0.750000
3716	-0.451982	-3.683223	0.750000
3726	-0.453839	-3.686421	0.750000
3734	-0.455079	-3.692078	0.750000
3742	-0.455411	-3.695345	0.750000
3751	-0.456088	-3.698642	0.750000
3762	-0.457233	-3.701876	0.750000
3770	-0.457938	-3.706973	0.750000
3779	-0.456964	-3.710275	0.750000
3788	-0.456380	-3.713514	0.750000
3799	-0.457049	-3.717386	0.750000
3805	-0.456726	-3.720662	0.750000
3813	-0.454950	-3.725727	0.750000
3824	-0.453070	-3.728896	0.750000
3833	-0.451427	-3.732082	0.750000
3841	-0.449185	-3.735301	0.750000
3851	-0.444004	-3.740143	0.750000
3859	-0.438786	-3.743832	0.750000
3868	-0.435053	-3.746911	0.750000
3877	-0.430523	-3.749887	0.750000
3886	-0.423857	-3.754532	0.750000
3896	-0.419718	-3.757432	0.750000
3909	-0.416376	-3.760268	0.750000
3915	-0.413129	-3.763166	0.750000
3922	-0.407217	-3.768164	0.750000
3932	-0.403475	-3.770931	0.750000
3941	-0.399896	-3.773646	0.750000
3950	-0.396583	-3.776415	0.750000
3958	-0.390530	-3.780583	0.750000
3967	-0.386609	-3.783272	0.750000
3976	-0.381188	-3.786400	0.750000
3986	-0.376805	-3.788964	0.750000
3994	-0.373413	-3.791555	0.750000
4004	-0.369474	-3.795499	0.750000
4022	-0.365391	-3.800497	0.750000
4030	-0.363213	-3.803013	0.750000
4039	-0.361747	-3.806953	0.750000
4045	-0.361330	-3.808556	0.750000
4051	-0.361133	-3.809914	0.750000
4058	-0.360861	-3.812423	0.750000
4067	-0.360502	-3.814859	0.750000
4076	-0.360153	-3.818738	0.750000
4084	-0.360616	-3.821280	0.750000
4096	-0.361225	-3.823844	0.750000
4103	-0.361672	-3.826338	0.750000
4111	-0.363180	-3.830839	0.750000
4125	-0.364138	-3.833337	0.750000
4131	-0.366653	-3.835860	0.750000
4138	-0.369129	-3.838483	0.750000
4144	-0.370340	-3.839911	0.750000
4159	-0.376115	-3.845238	0.750000
4166	-0.379647	-3.847939	0.750000
4175	-0.385385	-3.851123	0.750000
4184	-0.389661	-3.853802	0.750000
4192	-0.395842	-3.858134	0.750000
4198	-0.400063	-3.860626	0.750000
4211	-0.406608	-3.863811	0.750000
4220	-0.411286	-3.866729	0.750000
4238	-0.424352	-3.874767	0.750000
4247	-0.429105	-3.877703	0.750000
4256	-0.433964	-3.880764	0.750000
4264	-0.439074	-3.885538	0.750000
4274	-0.441996	-3.888605	0.750000
4283	-0.445454	-3.892332	0.750000
4293	-0.447679	-3.894842	0.750000
4301	-0.450140	-3.900316	0.750000
4312	-0.451607	-3.903385	0.750000
4319	-0.452945	-3.906543	0.750000
4328	-0.453523	-3.909714	0.750000
4339	-0.454031	-3.914528	0.750000
4350	-0.453299	-3.917613	0.750000
4356	-0.452626	-3.921259	0.750000
4364	-0.452127	-3.924347	0.750000
4373	-0.450832	-3.927477	0.750000
4383	-0.448498	-3.932281	0.750000
4391	-0.446756	-3.935414	0.750000
4401	-0.445110	-3.938441	0.750000
4409	-0.442629	-3.941537	0.750000
4447	-0.428975	-3.955727	0.750000
4473	-0.415352	-3.966169	0.750000
4482	-0.410191	-3.969533	0.750000
4490	-0.403522	-3.973936	0.750000
4496	-0.399751	-3.976414	0.750000
4509	-0.395014	-3.979485	0.750000
4518	-0.390961	-3.982166	0.750000
4528	-0.384726	-3.986327	0.750000
4536	-0.380745	-3.989011	0.750000
4545	-0.376179	-3.992180	0.750000
4554	-0.373477	-3.994788	0.750000
4567	-0.370240	-3.997469	0.750000
4574	-0.365529	-4.001520	0.750000
4581	-0.363127	-4.004143	0.750000
4590	-0.361911	-4.006690	0.750000
4598	-0.360900	-4.009306	0.750000
4607	-0.360163	-4.013870	0.750000
4613	-0.359931	-4.016246	0.750000
4626	-0.360619	-4.019020	0.750000
4635	-0.362099	-4.021654	0.750000
4645	-0.364370	-4.025704	0.750000
4653	-0.365745	-4.028360	0.750000
4662	-0.367407	-4.031012	0.750000
4676	-0.369733	-4.034204	0.750000
4689	-0.375619	-4.041161	0.750000
4698	-0.376898	-4.043895	0.750000
4706	-0.378587	-4.046681	0.750000
4716	-0.380747	-4.049505	0.750000
4725	-0.382441	-4.053853	0.750000
4734	-0.384130	-4.057246	0.750000
4743	-0.385222	-4.060070	0.750000
4752	-0.385493	-4.062976	0.750000
4762	-0.385974	-4.067386	0.750000
4770	-0.385479	-4.070292	0.750000
4779	-0.386207	-4.073197	0.750000
4788	-0.386816	-4.076069	0.750000
4797	-0.387623	-4.081036	0.750000
4806	-0.388462	-4.083945	0.750000
4815	-0.389506	-4.086782	0.750000
4825	-0.390727	-4.089643	0.750000
4833	-0.392334	-4.094146	0.750000
4841	-0.392734	-4.097021	0.750000
4851	-0.394119	-4.099836	0.750000
4860	-0.396518	-4.103281	0.750000
4869	-0.397607	-4.106112	0.750000
4878	-0.399465	-4.110569	0.750000
4887	-0.400998	-4.113473	0.750000
4897	-0.402772	-4.116383	0.750000
4906	-0.403975	-4.119784	0.750000
4913	-0.404501	-4.124317	0.750000
4926	-0.405268	-4.127134	0.750000
4933	-0.405370	-4.129924	0.750000
4941	-0.405101	-4.132809	0.750000
4949	-0.404486	-4.137245	0.750000
4968	-0.401764	-4.142884	0.750000
4977	-0.399898	-4.145644	0.750000
4987	-0.396152	-4.150402	0.750000
4995	-0.393324	-4.153127	0.750000
5009	-0.389873	-4.155833	0.750000
5015	-0.385609	-4.158469	0.750000
5023	-0.380060	-4.162611	0.750000
5032	-0.375407	-4.165138	0.750000
5041	-0.371287	-4.168194	0.750000
5050	-0.366875	-4.170598	0.750000
5059	-0.361482	-4.173066	0.750000
5066	-0.354589	-4.176855	0.750000
5078	-0.349769	-4.179207	0.750000
5085	-0.345032	-4.181581	0.750000
5097	-0.340420	-4.183862	0.750000
5104	-0.332704	-4.187817	0.750000
5116	-0.328816	-4.190053	0.750000
5122	-0.325140	-4.192283	0.750000
5130	-0.322599	-4.194488	0.750000
5140	-0.320165	-4.197930	0.750000
5149	-0.318714	-4.200160	0.750000
5203	-0.324893	-4.215455	0.750000
5212	-0.330536	-4.219163	0.750000
5225	-0.334912	-4.221618	0.750000
5231	-0.340242	-4.224580	0.750000
5239	-0.345733	-4.227166	0.750000
5247	-0.351675	-4.229844	0.750000
5253	-0.356314	-4.231950	0.750000
5266	-0.368104	-4.236941	0.750000
5275	-0.375748	-4.239770	0.750000
5284	-0.383831	-4.242670	0.750000
5292	-0.399105	-4.247997	0.750000
5298	-0.404875	-4.249927	0.750000
5304	-0.408718	-4.251216	0.750000
5312	-0.417947	-4.254472	0.750000
5320	-0.428526	-4.257823	0.750000
5329	-0.444837	-4.263107	0.750000
5338	-0.454331	-4.266676	0.750000
5347	-0.464846	-4.270300	0.750000
5355	-0.478310	-4.274702	0.750000
5365	-0.494321	-4.280628	0.750000
5374	-0.504452	-4.284579	0.750000
5419	-0.556144	-4.308317	0.750000
5428	-0.563826	-4.312651	0.750000
5437	-0.571187	-4.317076	0.750000
5449	-0.582015	-4.323838	0.696173
5455	-0.588327	-4.328321	0.696173
5464	-0.593382	-4.332886	0.696173
5473	-0.598368	-4.337458	0.696173
5482	-0.604948	-4.345205	0.696173
5491	-0.607529	-4.349755	0.696173
5500	-0.608419	-4.354387	0.615127
5509	-0.607773	-4.358908	0.615127
5518	-0.604354	-4.365790	0.615127
5528	-0.601477	-4.370180	0.615127
5536	-0.598287	-4.374564	0.615127
5546	-0.593619	-4.379616	0.531192
5559	-0.589044	-4.383960	0.531192
5572	-0.574846	-4.394647	0.531192
5582	-0.567047	-4.398697	0.531192
5590	-0.557490	-4.402723	0.531192
5600	-0.538674	-4.409526	0.437529
5608	-0.526332	-4.413310	0.437529
5618	-0.514024	-4.417062	0.437529
5626	-0.503507	-4.420619	0.437529
5637	-0.487671	-4.425993	0.437529
5644	-0.477629	-4.429416	0.339206
5653	-0.469983	-4.432833	0.339206
5666	-0.462638	-4.436179	0.339206
5672	-0.450854	-4.441865	0.339206
5681	-0.445049	-4.444961	0.339206
5690	-0.439173	-4.448090	0.339206
5698	-0.431481	-4.451221	0.237092
5707	-0.418362	-4.456069	0.237092
5719	-0.408986	-4.459131	0.237092
5735	-0.388089	-4.465451	0.237092
5746	-0.377287	-4.468232	0.134289
5752	-0.363104	-4.472453	0.134289
5758	-0.356251	-4.474415	0.134289
5767	-0.355618	-4.475118	0.134289
5788	-0.343987	-4.484744	0.134289
5798	-0.343041	-4.487241	0.019019
5806	-0.339367	-4.489788	0.019019
5816	-0.331910	-4.492328	0.019019
5825	-0.320729	-4.496107	0.019019
5834	-0.316119	-4.498520	0.019019
5843	-0.312850	-4.500756	0.019019
5852	-0.311333	-4.503507	0.000000
5862	-0.310911	-4.507087	0.000000
5869	-0.309987	-4.509388	0.000000
5879	-0.307737	-4.511620	0.000000
5888	-0.304074	-4.513866	0.000000
5898	-0.300412	-4.517270	0.000000
5906	-0.298855	-4.519355	0.000000
5914	-0.297371	-4.521910	0.000000
5923	-0.297265	-4.524028	0.000000
5933	-0.297900	-4.526126	0.000000
5942	-0.298338	-4.529471	0.000000
5951	-0.297818	-4.531554	0.000000
5961	-0.297260	-4.533603	0.000000
5969	-0.296063	-4.535660	0.000000
5977	-0.291005	-4.539248	0.000000
5989	-0.286782	-4.541202	0.000000
5997	-0.282891	-4.543154	0.000000
6005	-0.278125	-4.544995	0.000000
6014	-0.269487	-4.547881	0.000000
6019	-0.264888	-4.549308	0.000000
6032	-0.258036	-4.551312	0.000000
6041	-0.251976	-4.553226	0.000000
6049	-0.243306	-4.555681	0.000000
6061	-0.237278	-4.557091	0.000000
6069	-0.231763	-4.558437	0.000000
6149	-0.161003	-4.569921	-0.026803
6155	-0.155348	-4.570653	-0.026803
6168	-0.143032	-4.572105	-0.026803
6177	-0.135441	-4.572812	-0.026803
6186	-0.128031	-4.573408	-0.026803
6194	-0.120692	-4.574009	-0.026803
6203	-0.111810	-4.575023	-0.054268
6930	0.030877	-4.510517	-0.251274
6943	0.026214	-4.510375	-0.251274
6952	0.023513	-4.510426	-0.254915
6961	0.020641	-4.510767	-0.254915
6971	0.020500	-4.510868	-0.254915
6979	0.020541	-4.511075	-0.254915
6989	0.021667	-4.511212	-0.254915
6998	0.023632	-4.511331	-0.258727
7005	0.025136	-4.511321	-0.258727
7014	0.027038	-4.511325	-0.258727
7024	0.030036	-4.511316	-0.258727
7089	0.060938	-4.509298	-0.260709
7098	0.067208	-4.508780	-0.264263
7105	0.072222	-4.508157	-0.264263
7114	0.079320	-4.507244	-0.264263
7124	0.084934	-4.506398	-0.264263
7132	0.089972	-4.505528	-0.264263
7141	0.093456	-4.504598	-0.264263
7150	0.097186	-4.503140	-0.267996
7159	0.099998	-4.501893	-0.267996
7168	0.102830	-4.500645	-0.267996
7177	0.106400	-4.499399	-0.267996
7187	0.112440	-4.497583	-0.267996
7196	0.115892	-4.496269	-0.269865
7208	0.119340	-4.494923	-0.269865
7214	0.121602	-4.493524	-0.269865
7222	0.122841	-4.491939	-0.269865
7232	0.124737	-4.489815	-0.269865
7241	0.127870	-4.488308	-0.269865
7250	0.130896	-4.486681	-0.272811
7258	0.133114	-4.485078	-0.272811
7267	0.137746	-4.482807	-0.272811
7279	0.140310	-4.481174	-0.272811
7285	0.141682	-4.479334	-0.272811
7295	0.144081	-4.477636	-0.273671
7304	0.146259	-4.475217	-0.273671
7317	0.147700	-4.473572	-0.273671
7323	0.148987	-4.471965	-0.273671
7330	0.149169	-4.470412	-0.273671
7341	0.151805	-4.468112	-0.273671
7349	0.152844	-4.466336	-0.274842
7358	0.152286	-4.464741	-0.274842
7367	0.152001	-4.463204	-0.274842
7376	0.151704	-4.461064	-0.274842
7384	0.149646	-4.459603	-0.274842
7396	0.148722	-4.458182	-0.275772
7403	0.148682	-4.456819	-0.275772
7413	0.148275	-4.455186	-0.275772
7426	0.146763	-4.453201	-0.275772
7435	0.146253	-4.451918	-0.275772
7444	0.144071	-4.449503	-0.276347
7458	0.142731	-4.447864	-0.276347
7466	0.142639	-4.446787	-0.276347
7476	0.143516	-4.445485	-0.276347
7484	0.144959	-4.444396	-0.276347
7492	0.146145	-4.442868	-0.276347
7498	0.146181	-4.442274	-0.276657
7504	0.146440	-4.441831	-0.276657
7511	0.148173	-4.440859	-0.276657
7521	0.149904	-4.439810	-0.276657
7529	0.151489	-4.438165	-0.276657
7538	0.152691	-4.437083	-0.276657
7547	0.154690	-4.436013	-0.276732
7556	0.156865	-4.434959	-0.276732
7565	0.158896	-4.433929	-0.276732
7574	0.161193	-4.432311	-0.276732
7583	0.163824	-4.431176	-0.276732
7593	0.167423	-4.429910	-0.276732
7601	0.170295	-4.428449	-0.275327
7609	0.172345	-4.426562	-0.275327
7620	0.173883	-4.425241	-0.275327
7628	0.175516	-4.423929	-0.275327
7638	0.176487	-4.422486	-0.275327
7649	0.176696	-4.420400	-0.273095
7656	0.177212	-4.418838	-0.273095
7664	0.178434	-4.417055	-0.273095
7675	0.179365	-4.415473	-0.273095
7683	0.179483	-4.413100	-0.273095
7692	0.179739	-4.411409	-0.273095
7701	0.181863	-4.409727	-0.270840
7710	0.184311	-4.407957	-0.270840
7719	0.186336	-4.404990	-0.270840
7727	0.188340	-4.403104	-0.270840
7736	0.190564	-4.401187	-0.270840
7742	0.191086	-4.400522	-0.267422
7760	0.195481	-4.397261	-0.267422
7766	0.200559	-4.394257	-0.267422
7773	0.205029	-4.392201	-0.267422
7782	0.210029	-4.389653	-0.267422
7790	0.213978	-4.387463	-0.267422
7799	0.220358	-4.384096	-0.263093
7811	0.225452	-4.381643	-0.263093
7818	0.229981	-4.379103	-0.263093
