TIMESTAMPms	M1ATTITUDEyawspeed	M1ATTITUDEyaw	Rud
0	0.114015	-2.125395	0.048855
      9	0.107984	-2.124975	0.048855
     18	0.098683	-2.124435	0.048855
     28	0.091434	-2.124168	0.048855
     37	0.084501	-2.123971	0.048594
     46	0.078924	-2.123800	0.048594
     54	0.074344	-2.123652	0.048594
     64	0.063757	-2.123364	0.048594
     72	0.057840	-2.123215	0.048594
     81	0.052141	-2.123112	0.048594
     87	0.048345	-2.123047	0.048299
    154	0.021657	-2.121943	0.046123
    163	0.020729	-2.121731	0.046123
    172	0.018813	-2.121382	0.046123
    180	0.018298	-2.121099	0.046123
    189	0.018189	-2.120869	0.043635
    200	0.017552	-2.120619	0.044475
    208	0.017816	-2.120274	0.044475
    216	0.019048	-2.119677	0.044475
    226	0.020771	-2.119251	0.044475
    235	0.022574	-2.118812	0.043967
    243	0.024845	-2.118226	0.043967
    252	0.027813	-2.117355	0.043967
    263	0.030372	-2.116717	0.043967
    271	0.033675	-2.116073	0.043967
    280	0.037532	-2.115374	0.043967
    288	0.042952	-2.114263	0.043019
    300	0.047174	-2.113460	0.043019
    309	0.052534	-2.112498	0.044353
    315	0.056706	-2.111649	0.044353
    381	0.094017	-2.103635	0.044600
    388	0.099175	-2.102593	0.044280
    397	0.104599	-2.101504	0.044280
    406	0.110668	-2.099850	0.044280
    533	0.157851	-2.082433	0.050799
    686	0.103566	-2.068064	0.045651
  1164	-0.066071	-2.042979	0.800000
  1173	-0.090604	-2.043871	0.800000
  1181	-0.119196	-2.045122	0.800000
  1199	-0.165089	-2.048369	0.800000
  1210	-0.180151	-2.049918	0.800000
  1217	-0.197352	-2.051583	0.800000
  1227	-0.214289	-2.053370	0.800000
  1235	-0.233958	-2.056208	0.800000
  1245	-0.245517	-2.058574	0.800000
  1253	-0.254992	-2.060663	0.800000
  1262	-0.265611	-2.062825	0.800000
  1271	-0.275193	-2.065102	0.800000
  1277	-0.280668	-2.066714	0.800000
  1331	-0.337101	-2.085871	0.800000
  1343	-0.342527	-2.088661	0.800000
  1352	-0.347188	-2.092865	0.800000
  1361	-0.349044	-2.095694	0.800000
  1371	-0.351994	-2.099006	0.800000
  1379	-0.355892	-2.101869	0.800000
  1388	-0.360019	-2.106185	0.800000
  1398	-0.362486	-2.109116	0.800000
  1410	-0.365557	-2.112065	0.800000
  1416	-0.368771	-2.115002	0.800000
  1425	-0.375748	-2.119408	0.800000
  1434	-0.381660	-2.122913	0.800000
  1443	-0.387885	-2.126007	0.800000
  1451	-0.394922	-2.129135	0.800000
  1461	-0.402484	-2.132345	0.800000
  1470	-0.413637	-2.137266	0.800000
  1479	-0.422069	-2.140674	0.800000
  1488	-0.431043	-2.144111	0.800000
  1497	-0.440574	-2.148182	0.800000
  1507	-0.450321	-2.153436	0.800000
  1519	-0.457245	-2.157031	0.800000
  1525	-0.464689	-2.160645	0.800000
  1533	-0.471709	-2.164315	0.800000
  1542	-0.479530	-2.169884	0.800000
  1551	-0.483686	-2.173566	0.800000
  1560	-0.488010	-2.177984	0.800000
  1569	-0.491290	-2.181728	0.800000
  1578	-0.495191	-2.187408	0.800000
  1587	-0.497641	-2.191309	0.800000
  1596	-0.500311	-2.195312	0.800000
  1605	-0.502482	-2.199401	0.800000
  1615	-0.505012	-2.206007	0.800000
  1628	-0.507163	-2.210001	0.800000
  1633	-0.509080	-2.214009	0.800000
  1641	-0.510935	-2.218025	0.800000
  1650	-0.512818	-2.222050	0.800000
  1659	-0.514331	-2.228099	0.800000
  1668	-0.516193	-2.232159	0.800000
  1673	-0.516971	-2.233463	0.800000
  1688	-0.520933	-2.241065	0.800000
  1695	-0.522005	-2.247294	0.800000
  1705	-0.522271	-2.251468	0.800000
  1714	-0.522096	-2.255621	0.800000
  1722	-0.521296	-2.259786	0.800000
  1730	-0.518551	-2.266101	0.800000
  1741	-0.516069	-2.270985	0.800000
  1749	-0.513408	-2.275194	0.800000
  1758	-0.510834	-2.279371	0.800000
  1768	-0.505421	-2.285570	0.800000
  1776	-0.502168	-2.289657	0.800000
  1785	-0.500117	-2.293739	0.800000
  1794	-0.498042	-2.297834	0.800000
  1803	-0.493745	-2.304609	0.800000
  1812	-0.492077	-2.308553	0.800000
  1822	-0.490895	-2.312502	0.800000
  1831	-0.489316	-2.316433	0.800000
  1839	-0.488470	-2.320349	0.800000
  1849	-0.487784	-2.326315	0.800000
  1858	-0.489587	-2.330348	0.800000
  1866	-0.491286	-2.334413	0.800000
  1877	-0.492153	-2.339139	0.800000
  1886	-0.492433	-2.345171	0.800000
  1893	-0.493373	-2.349185	0.800000
  1902	-0.493979	-2.353187	0.800000
  1912	-0.493914	-2.357169	0.800000
  1922	-0.492547	-2.363185	0.800000
  1930	-0.491753	-2.367831	0.800000
  1939	-0.491632	-2.371797	0.800000
  1948	-0.491503	-2.375739	0.800000
  1962	-0.490513	-2.381657	0.800000
  1975	-0.490661	-2.389420	0.800000
  1984	-0.490858	-2.393332	0.800000
  1992	-0.490618	-2.399843	0.800000
  2002	-0.490950	-2.403668	0.800000
  2012	-0.493222	-2.407487	0.800000
  2019	-0.495827	-2.411300	0.800000
  2028	-0.497312	-2.415132	0.800000
  2038	-0.500808	-2.420923	0.800000
  2046	-0.504392	-2.425419	0.800000
  2056	-0.506622	-2.429241	0.800000
  2074	-0.511325	-2.438737	0.800000
  2083	-0.512243	-2.442563	0.800000
  2093	-0.513410	-2.446419	0.800000
  2101	-0.513932	-2.450269	0.800000
  2110	-0.514229	-2.456087	0.800000
  2119	-0.514911	-2.460572	0.800000
  2148	-0.514230	-2.473975	0.800000
  2155	-0.514220	-2.477751	0.800000
  2164	-0.514757	-2.481522	0.800000
  2177	-0.515212	-2.485280	0.800000
  2183	-0.514695	-2.491638	0.800000
  2191	-0.515642	-2.495388	0.800000
  2196	-0.516714	-2.497398	0.800000
  2209	-0.518561	-2.502882	0.800000
  2218	-0.518859	-2.506586	0.800000
  2228	-0.520266	-2.512302	0.800000
  2236	-0.521945	-2.516153	0.800000
  2245	-0.524090	-2.520759	0.800000
  2255	-0.524714	-2.524683	0.800000
  2263	-0.524162	-2.530580	0.800000
  2273	-0.524308	-2.534474	0.800000
  2281	-0.523561	-2.538358	0.800000
  2290	-0.522214	-2.542265	0.800000
  2299	-0.519977	-2.548134	0.800000
  2308	-0.517229	-2.552688	0.800000
  2318	-0.514987	-2.556495	0.800000
  2326	-0.512458	-2.560276	0.800000
  2335	-0.507681	-2.566071	0.800000
  2344	-0.505552	-2.569901	0.800000
  2354	-0.502976	-2.573762	0.800000
  2363	-0.500524	-2.577600	0.800000
  2371	-0.498129	-2.582090	0.800000
  2381	-0.494722	-2.587872	0.800000
  2389	-0.493810	-2.591640	0.800000
  2401	-0.492768	-2.595450	0.800000
  2408	-0.490193	-2.599267	0.800000
  2416	-0.487812	-2.604963	0.800000
  2425	-0.487043	-2.608690	0.800000
  2435	-0.485509	-2.613104	0.800000
  2443	-0.484090	-2.616823	0.800000
  2452	-0.480894	-2.622462	0.800000
  2462	-0.477921	-2.626036	0.800000
  2470	-0.475205	-2.629575	0.800000
  2479	-0.472673	-2.633098	0.800000
  2488	-0.468446	-2.638515	0.800000
  2498	-0.465323	-2.642753	0.800000
  2510	-0.461788	-2.646334	0.800000
  2516	-0.457990	-2.649878	0.800000
  2525	-0.453133	-2.655263	0.800000
  2533	-0.449953	-2.658709	0.800000
  2539	-0.448850	-2.660293	0.800000
  2545	-0.447841	-2.662163	0.800000
  2552	-0.445871	-2.665584	0.800000
  2560	-0.444436	-2.669597	0.800000
  2566	-0.443966	-2.672313	0.800000
  2579	-0.443202	-2.678018	0.800000
  2588	-0.442456	-2.681307	0.800000
  2593	-0.442145	-2.683955	0.800000
  2606	-0.442405	-2.689715	0.800000
  2619	-0.443425	-2.693068	0.800000
  2625	-0.442968	-2.697046	0.800000
  2660	-0.442382	-2.712124	0.800000
  2669	-0.441443	-2.715422	0.800000
  2678	-0.439772	-2.721062	0.800000
  2687	-0.438294	-2.724336	0.800000
  2696	-0.436933	-2.727551	0.800000
  2705	-0.435528	-2.730794	0.800000
  2713	-0.435262	-2.735772	0.800000
  2728	-0.434498	-2.738986	0.800000
  2742	-0.433449	-2.746004	0.800000
  2751	-0.433719	-2.749177	0.800000
  2758	-0.434395	-2.754089	0.800000
  2768	-0.434733	-2.757264	0.800000
  2777	-0.435467	-2.760455	0.800000
  2788	-0.436470	-2.763632	0.800000
  2796	-0.438356	-2.768525	0.800000
  2804	-0.439702	-2.772328	0.800000
  2813	-0.440491	-2.775537	0.800000
  2823	-0.440858	-2.778758	0.800000
  2830	-0.441877	-2.783728	0.800000
  2841	-0.441960	-2.786954	0.800000
  2850	-0.441731	-2.790146	0.800000
  2858	-0.441420	-2.793365	0.800000
  2867	-0.440874	-2.798898	0.800000
  2878	-0.440116	-2.802080	0.800000
  2886	-0.439923	-2.805302	0.800000
  2903	-0.440773	-2.813411	0.800000
  2913	-0.440764	-2.816603	0.800000
  2921	-0.440678	-2.819815	0.800000
  2931	-0.440848	-2.823586	0.800000
  2939	-0.441259	-2.826806	0.800000
  2951	-0.443355	-2.831727	0.800000
  2958	-0.445134	-2.834897	0.800000
  2967	-0.446859	-2.838116	0.800000
  2976	-0.448554	-2.841377	0.800000
  2985	-0.450470	-2.846409	0.800000
  2993	-0.453620	-2.850329	0.800000
  3004	-0.455793	-2.853617	0.800000
  3012	-0.456792	-2.856944	0.800000
  3020	-0.458047	-2.862092	0.800000
  3029	-0.459391	-2.865442	0.800000
  3035	-0.460184	-2.867258	0.800000
  3048	-0.461010	-2.872183	0.800000
  3060	-0.460674	-2.878006	0.800000
  3067	-0.461388	-2.881346	0.800000
  3075	-0.462400	-2.884727	0.800000
  3080	-0.462922	-2.887326	0.800000
  3093	-0.463819	-2.893334	0.800000
  3101	-0.464342	-2.896749	0.800000
  3107	-0.464180	-2.899424	0.800000
  3137	-0.462290	-2.912686	0.800000
  3149	-0.463724	-2.916065	0.800000
  3156	-0.465402	-2.919484	0.800000
  3174	-0.466161	-2.928146	0.800000
  3183	-0.467629	-2.932165	0.800000
  3192	-0.468002	-2.935585	0.800000
  3201	-0.466721	-2.938980	0.800000
  3210	-0.462963	-2.944198	0.800000
  3219	-0.461138	-2.947535	0.800000
  3228	-0.460811	-2.950864	0.800000
  3237	-0.459781	-2.954219	0.800000
  3246	-0.457507	-2.959986	0.800000
  3256	-0.457991	-2.963305	0.800000
  3264	-0.458966	-2.966652	0.800000
  3278	-0.458434	-2.969963	0.800000
  3284	-0.456336	-2.975095	0.800000
  3291	-0.455793	-2.978385	0.800000
  3300	-0.455170	-2.981681	0.800000
  3311	-0.454380	-2.985574	0.800000
  3318	-0.453473	-2.988883	0.800000
  3328	-0.452341	-2.993909	0.800000
  3337	-0.452409	-2.997174	0.800000
  3372	-0.446707	-3.012578	0.800000
  3390	-0.445199	-3.019024	0.800000
  3399	-0.445440	-3.023927	0.800000
  3408	-0.445903	-3.027104	0.800000
  3414	-0.446236	-3.028454	0.800000
  3428	-0.445374	-3.033402	0.800000
  3437	-0.443258	-3.038839	0.800000
  3445	-0.443237	-3.041923	0.800000
  3453	-0.443040	-3.045081	0.800000
  3465	-0.442142	-3.048249	0.800000
  3473	-0.439354	-3.053092	0.800000
  3481	-0.438575	-3.056246	0.800000
  3490	-0.437746	-3.059289	0.800000
  3501	-0.435911	-3.062977	0.800000
  3508	-0.434497	-3.065997	0.800000
  3517	-0.434718	-3.070819	0.800000
  3526	-0.434449	-3.073877	0.800000
  3535	-0.433057	-3.076885	0.800000
  3544	-0.432594	-3.079967	0.800000
  3552	-0.434081	-3.084673	0.800000
  3562	-0.435762	-3.088333	0.800000
  3571	-0.437019	-3.091359	0.800000
  3579	-0.437393	-3.094457	0.800000
  3588	-0.438462	-3.099313	0.800000
  3600	-0.438245	-3.102377	0.800000
  3643	-0.437304	-3.120100	0.800000
  3653	-0.437029	-3.123227	0.800000
  3661	-0.436058	-3.128010	0.800000
  3669	-0.435698	-3.131118	0.800000
  3679	-0.435731	-3.134164	0.800000
  3688	-0.436387	-3.137756	0.800000
  3697	-0.436825	-3.140873	0.800000
  3706	-0.438094	-3.145764	0.800000
  3719	-0.439644	-3.148944	0.800000
  3725	-0.440939	-3.151991	0.800000
  3733	-0.441249	-3.155185	0.800000
  3743	-0.442684	-3.160107	0.800000
  3751	-0.442682	-3.163855	0.800000
  3760	-0.443554	-3.167119	0.800000
  3769	-0.444598	-3.170295	0.800000
  3778	-0.446302	-3.175234	0.800000
  3788	-0.447443	-3.178427	0.800000
  3796	-0.449184	-3.181687	0.800000
  3805	-0.451030	-3.185512	0.800000
  3814	-0.451751	-3.190629	0.800000
  3820	-0.452175	-3.193189	0.800000
  3834	-0.453609	-3.197192	0.800000
  3842	-0.454902	-3.200411	0.800000
  3850	-0.457293	-3.205598	0.800000
  3869	-0.461146	-3.212867	0.800000
  3878	-0.462230	-3.216250	0.800000
  3888	-0.463642	-3.219587	0.800000
  3896	-0.465940	-3.224823	0.800000
  3905	-0.467567	-3.228206	0.800000
  3913	-0.469266	-3.231647	0.800000
  3919	-0.470687	-3.235128	0.800000
  3928	-0.472658	-3.239681	0.800000
  3941	-0.475010	-3.244640	0.800000
  3950	-0.476336	-3.248157	0.800000
  3959	-0.476699	-3.251696	0.800000
  3967	-0.477741	-3.257105	0.800000
  3977	-0.479020	-3.260653	0.800000
  3986	-0.479370	-3.264220	0.800000
  3995	-0.478823	-3.268436	0.800000
  4005	-0.478959	-3.273868	0.800000
  4013	-0.478280	-3.277361	0.800000
  4021	-0.477849	-3.280923	0.800000
  4031	-0.476920	-3.284401	0.800000
  4039	-0.475314	-3.289868	0.800000
  4050	-0.474539	-3.293377	0.800000
  4113	-0.463846	-3.319840	0.800000
  4121	-0.461511	-3.325682	0.800000
  4131	-0.460287	-3.328957	0.800000
  4139	-0.459047	-3.332289	0.800000
  4149	-0.457502	-3.335532	0.800000
  4160	-0.454327	-3.340657	0.800000
  4166	-0.452948	-3.343936	0.800000
  4175	-0.451953	-3.347231	0.800000
  4184	-0.449782	-3.351052	0.800000
  4194	-0.447359	-3.356063	0.800000
  4202	-0.445647	-3.359268	0.800000
  4213	-0.444517	-3.362391	0.800000
  4220	-0.443056	-3.365578	0.800000
  4229	-0.441314	-3.368681	0.800000
  4238	-0.440090	-3.373617	0.800000
  4248	-0.439501	-3.377258	0.800000
  4256	-0.438297	-3.380268	0.800000
  4270	-0.436903	-3.383349	0.800000
  4276	-0.436118	-3.388186	0.800000
  4283	-0.435593	-3.391239	0.800000
  4292	-0.434926	-3.394279	0.800000
  4303	-0.434630	-3.397335	0.800000
  4310	-0.435330	-3.402731	0.800000
  4319	-0.436116	-3.405709	0.800000
  4328	-0.436563	-3.408755	0.800000
  4337	-0.435941	-3.411825	0.800000
  4364	-0.437514	-3.422568	0.800000
  4378	-0.437894	-3.426124	0.800000
  4384	-0.437555	-3.430911	0.800000
  4391	-0.437870	-3.433977	0.800000
  4401	-0.438518	-3.436954	0.800000
  4410	-0.438825	-3.439939	0.800000
  4418	-0.439441	-3.442995	0.800000
  4428	-0.440469	-3.447681	0.800000
  4436	-0.441282	-3.451312	0.800000
  4445	-0.442072	-3.454363	0.800000
  4454	-0.442801	-3.457440	0.800000
  4464	-0.443850	-3.462197	0.800000
  4472	-0.444180	-3.465305	0.800000
  4482	-0.444967	-3.468335	0.800000
  4491	-0.445939	-3.471458	0.800000
  4499	-0.446580	-3.476816	0.800000
  4508	-0.446875	-3.479950	0.800000
  4518	-0.447053	-3.483054	0.800000
  4589	-0.440579	-3.511708	0.800000
  4602	-0.438569	-3.514749	0.800000
  4608	-0.435812	-3.517818	0.800000
  4617	-0.432217	-3.523266	0.800000
  4626	-0.430314	-3.526404	0.800000
  4636	-0.427777	-3.529490	0.800000
  4645	-0.424765	-3.532613	0.800000
  4654	-0.418937	-3.537385	0.800000
  4662	-0.415268	-3.540443	0.800000
  4672	-0.412779	-3.543451	0.800000
  4680	-0.410436	-3.546476	0.800000
  4688	-0.405497	-3.551801	0.050229
  4694	-0.402860	-3.554243	0.050229
  4710	-0.398951	-3.557793	0.050229
  4717	-0.396488	-3.560791	0.050229
  4726	-0.390919	-3.565168	0.050229
  4734	-0.386544	-3.567221	0.050229
  4743	-0.382876	-3.569657	0.027210
  4748	-0.382721	-3.570610	0.027210
  4757	-0.375885	-3.572636	0.027210
  4770	-0.339301	-3.579136	0.027210
  4779	-0.319264	-3.581488	0.027210
  4788	-0.291034	-3.583674	0.004138
 4843	-0.243328	-3.598580	-0.018903
 4851	-0.248858	-3.600682	-0.018903
 4860	-0.249800	-3.602863	-0.018903
 4878	-0.235501	-3.608744	-0.018903
 4889	-0.228081	-3.610739	-0.040351
 4897	-0.217514	-3.612649	-0.040351
 4906	-0.205803	-3.614551	-0.040351
 4914	-0.196145	-3.617461	-0.040351
 4928	-0.195597	-3.619109	-0.040351
 4934	-0.196549	-3.620858	-0.040351
 4943	-0.196344	-3.622898	-0.062668
 4950	-0.200030	-3.625715	-0.062668
 4960	-0.203104	-3.627401	-0.062668
 4968	-0.203103	-3.629138	-0.062668
 4977	-0.200877	-3.630856	-0.062668
 4987	-0.196964	-3.632568	-0.083065
 4995	-0.191487	-3.635639	-0.083065
 5005	-0.187735	-3.637186	-0.083065
 5085	-0.181682	-3.649537	-0.118748
 5094	-0.179869	-3.650544	-0.118748
 5106	-0.177305	-3.652492	-0.118748
 5113	-0.177098	-3.653589	-0.118748
 5122	-0.177255	-3.654972	-0.118748
 5133	-0.175624	-3.655967	-0.118748
 5139	-0.174670	-3.656785	-0.132783
 5151	-0.172673	-3.658363	-0.132783
 5158	-0.171228	-3.658931	-0.132783
 5167	-0.170729	-3.659485	-0.132783
 5176	-0.169450	-3.659931	-0.132783
 5185	-0.167925	-3.661086	-0.144927
 5193	-0.168811	-3.661499	-0.144927
 5203	-0.169198	-3.661880	-0.144927
 5212	-0.167959	-3.662186	-0.144927
 5221	-0.167179	-3.663329	-0.144927
  5744	0.258406	-3.595648	-0.214535
  6050	0.145543	-3.522986	-0.254159
  6059	0.145067	-3.520484	-0.254159
  6069	0.144974	-3.518779	-0.254159
  6078	0.146077	-3.517060	-0.254159
  6086	0.146692	-3.515373	-0.259498
  6094	0.147691	-3.513052	-0.259498
  6106	0.148903	-3.511375	-0.259498
  6113	0.149557	-3.509757	-0.259498
  6123	0.150097	-3.507861	-0.259498
  6131	0.151213	-3.505592	-0.259498
  6141	0.150800	-3.503918	-0.267369
  6149	0.150578	-3.502274	-0.267369
  6159	0.151928	-3.500555	-0.267369
  6168	0.153768	-3.498843	-0.267369
  6177	0.156087	-3.496302	-0.267369
  6185	0.158608	-3.494201	-0.267369
  6195	0.160761	-3.492254	-0.275323
  6203	0.162879	-3.490295	-0.275323
  6209	0.165143	-3.488789	-0.275323
  6221	0.170921	-3.485678	-0.275323
  6232	0.174834	-3.483673	-0.275323
  6240	0.178830	-3.481672	-0.280061
  6251	0.186542	-3.478643	-0.280061
  6258	0.192175	-3.476682	-0.280061
  6267	0.198835	-3.474729	-0.280061
  6276	0.205968	-3.472709	-0.280061
  6286	0.215220	-3.469628	-0.286667
  6294	0.221297	-3.467414	-0.286667
  6302	0.227658	-3.465135	-0.286667
  6308	0.230383	-3.464271	-0.286667
  6317	0.236150	-3.462497	-0.286667
  6330	0.253673	-3.456483	-0.286667
  6339	0.260377	-3.453924	-0.293140
  6344	0.263838	-3.452694	-0.293140
  6361	0.278076	-3.447618	-0.293140
  6366	0.284705	-3.444969	-0.293140
  6375	0.291934	-3.441899	-0.293140
  6380	0.294985	-3.440500	-0.293140
  6393	0.304479	-3.436508	-0.301066
  6401	0.314626	-3.432488	-0.301066
  6407	0.320575	-3.429611	-0.301066
  6420	0.326487	-3.426735	-0.301066
  6429	0.332799	-3.423778	-0.301066
  6438	0.340718	-3.418955	-0.305497
  6448	0.343276	-3.415876	-0.305497
  6456	0.346174	-3.412702	-0.305497
  6469	0.348513	-3.409522	-0.305497
  6476	0.352353	-3.404935	-0.305497
  6483	0.353225	-3.401816	-0.305497
  6492	0.354385	-3.398681	-0.311275
  6501	0.355741	-3.395064	-0.311275
  6510	0.357185	-3.390592	-0.311275
  6519	0.356950	-3.387550	-0.311275
  6529	0.356295	-3.384478	-0.311275
  6537	0.356402	-3.381444	-0.313508
  6546	0.355381	-3.378373	-0.313508
  6555	0.352677	-3.373479	-0.313508
  6563	0.351772	-3.370404	-0.313508
  6578	0.351479	-3.367311	-0.313508
  6591	0.347382	-3.359761	-0.316092
  6600	0.346018	-3.356681	-0.316092
  6609	0.345076	-3.353648	-0.316092
  6619	0.343846	-3.350630	-0.316092
  6627	0.340238	-3.345923	-0.316092
  6637	0.338121	-3.342993	-0.315811
  6646	0.336251	-3.340044	-0.315811
  6655	0.334288	-3.337128	-0.315811
  6663	0.330074	-3.333015	-0.315811
  6669	0.327407	-3.330612	-0.315811
  6681	0.324241	-3.327438	-0.315811
  6692	0.321543	-3.324245	-0.313796
  6700	0.316309	-3.320179	-0.313796
  6709	0.312493	-3.317388	-0.313796
  6717	0.308738	-3.314607	-0.313796
  6723	0.307047	-3.312945	-0.313796
  6735	0.303954	-3.309329	-0.313796
  6745	0.299542	-3.305537	-0.311698
  6754	0.296571	-3.302613	-0.311698
  6762	0.294301	-3.300031	-0.311698
  6768	0.292543	-3.298217	-0.311698
  6781	0.288541	-3.293830	-0.311698
  6790	0.287157	-3.291355	-0.307633
  6801	0.286231	-3.288862	-0.307633
  6808	0.284871	-3.286404	-0.307633
  6817	0.283048	-3.282452	-0.307633
  6825	0.281904	-3.280019	-0.307633
  6834	0.280844	-3.277586	-0.307633
  6844	0.279171	-3.275214	-0.303636
  6852	0.276906	-3.271756	-0.303636
  6862	0.276228	-3.269397	-0.303636
  6872	0.275142	-3.267100	-0.303636
  6879	0.273381	-3.264424	-0.303636
  6888	0.270440	-3.260948	-0.298063
  6898	0.269363	-3.258639	-0.298063
  6912	0.268848	-3.256349	-0.298063
  6925	0.267372	-3.251700	-0.298063
  6934	0.266386	-3.248313	-0.298063
  6943	0.265487	-3.245661	-0.291101
  6951	0.264606	-3.243362	-0.291101
  6962	0.263453	-3.241103	-0.291101
  6970	0.262167	-3.237711	-0.291101
  6980	0.261744	-3.235366	-0.291101
  6988	0.261795	-3.233010	-0.282694
  6997	0.261510	-3.230311	-0.282694
  7005	0.261634	-3.226932	-0.282694
  7020	0.261665	-3.224641	-0.282694
  7026	0.261627	-3.222310	-0.282694
  7034	0.260620	-3.220006	-0.282694
  7042	0.257525	-3.216708	-0.272853
  7053	0.255651	-3.214123	-0.272853
  7060	0.254309	-3.211901	-0.272853
  7065	0.253049	-3.210248	-0.272853
  7078	0.250728	-3.207409	-0.272853
  7089	0.249494	-3.204063	-0.262483
  7096	0.249554	-3.201694	-0.262483
  7105	0.249597	-3.199265	-0.262483
  7114	0.249284	-3.196957	-0.262483
  7120	0.249232	-3.195513	-0.262483
  7135	0.248806	-3.191216	-0.262483
  7141	0.248071	-3.189033	-0.252407
  7150	0.247751	-3.186776	-0.252407
  7159	0.246941	-3.183561	-0.252407
  7168	0.247598	-3.181398	-0.252407
  7178	0.249621	-3.179338	-0.252407
  7186	0.250317	-3.177233	-0.243914
  7196	0.249859	-3.173769	-0.243914
  7205	0.250488	-3.171591	-0.243914
  7213	0.250693	-3.169265	-0.243914
  7222	0.250682	-3.166931	-0.243914
  7232	0.250825	-3.163454	-0.243914
  7240	0.251013	-3.160986	-0.233340
  7250	0.251948	-3.158175	-0.233340
  7259	0.252417	-3.155667	-0.233340
  7267	0.252764	-3.153223	-0.233340
  7276	0.254311	-3.150003	-0.233340
  7286	0.254711	-3.147840	-0.233340
  7294	0.254830	-3.145751	-0.222935
  7305	0.255590	-3.143644	-0.222935
  7313	0.256475	-3.140156	-0.222935
  7321	0.257766	-3.137883	-0.222935
  7330	0.259314	-3.135591	-0.222935
  7340	0.260255	-3.133308	-0.212504
  7351	0.260653	-3.129965	-0.212504
  7359	0.261410	-3.127525	-0.212504
  7368	0.262369	-3.125065	-0.212504
  7376	0.263906	-3.122329	-0.212504
  7385	0.265466	-3.118991	-0.212504
  7393	0.266555	-3.116717	-0.200119
  7403	0.267330	-3.114455	-0.200119
  7412	0.267187	-3.112195	-0.200119
  7422	0.265740	-3.108939	-0.200119
  7431	0.264531	-3.106744	-0.200119
  7439	0.263973	-3.104130	-0.189312
  7447	0.262620	-3.101957	-0.189312
  7462	0.261433	-3.099849	-0.177298
  7475	0.260363	-3.094518	-0.177298
  7484	0.260641	-3.092009	-0.177298
  7493	0.261011	-3.089496	-0.167433
  7498	0.260718	-3.087465	-0.167433
  7511	0.259288	-3.083192	-0.167433
  7521	0.258389	-3.080983	-0.167433
  7529	0.256224	-3.078649	-0.167433
  7537	0.251442	-3.075383	-0.158102
  7543	0.249827	-3.074274	-0.158102
  7558	0.246323	-3.071135	-0.158102
  7575	0.243168	-3.065913	-0.158102
  7583	0.242961	-3.063951	-0.158102
  7592	0.243546	-3.061944	-0.149088
  7601	0.242350	-3.059922	-0.149088
  7610	0.240013	-3.056677	-0.149088
  7620	0.238802	-3.054465	-0.149088
  7629	0.235618	-3.051845	-0.149088
  7637	0.232486	-3.049572	-0.140443
  7648	0.228948	-3.047279	-0.140443
  7654	0.224764	-3.044293	-0.140443
  7664	0.222757	-3.042428	-0.140443
  7678	0.219731	-3.040662	-0.131102
  7684	0.217973	-3.038897	-0.131102
  7691	0.215465	-3.035940	-0.122222
  7700	0.213798	-3.034178	-0.122222
  7709	0.211161	-3.032341	-0.122222
  7718	0.208275	-3.030496	-0.122222
  7728	0.202378	-3.027838	-0.122222
  7737	0.197749	-3.025892	-0.113833
  7746	0.194683	-3.023983	-0.113833
  7755	0.189304	-3.021883	-0.113833
  7763	0.181054	-3.019500	-0.113833
  7772	0.176157	-3.017938	-0.113833
  7781	0.171893	-3.016410	-0.113833
  7791	0.168189	-3.014919	-0.099454
  7800	0.160921	-3.013004	-0.099454
  7809	0.155432	-3.011757	-0.099454
  7818	0.151204	-3.010406	-0.099454
  7827	0.147327	-3.009269	-0.099454
  7836	0.142545	-3.008189	-0.099454
  7845	0.134832	-3.006525	-0.094260
  7853	0.128840	-3.005193	-0.094260
  7865	0.123282	-3.003935	-0.094260
  7871	0.119243	-3.002677	-0.094260
  7880	0.112265	-3.000735	-0.094260
  7890	0.108748	-2.999428	-0.089034
  7901	0.106259	-2.998070	-0.081873
  7908	0.102692	-2.996943	-0.081873
  7916	0.097761	-2.995698	-0.081873
  7935	0.092095	-2.994387	-0.081873
  7944	0.089294	-2.993562	-0.074855
  7954	0.086967	-2.992471	-0.074855
  7961	0.084172	-2.991608	-0.074855
  7971	0.081844	-2.990790	-0.074855
  7980	0.079741	-2.990001	-0.074855
  7990	0.076130	-2.988893	-0.067962
  7998	0.073018	-2.987936	-0.067962
  8012	0.069514	-2.986061	-0.063057
  8021	0.068053	-2.985272	-0.063057
  8033	0.066783	-2.984502	-0.063057
  8043	0.066460	-2.983828	-0.058174
  8052	0.066039	-2.983115	-0.058174
  8061	0.066098	-2.982383	-0.058174
  8069	0.066823	-2.981537	-0.058174
  8079	0.067235	-2.980994	-0.058174
  8088	0.068217	-2.980597	-0.053346
  8097	0.069684	-2.980120	-0.053346
  8106	0.072220	-2.979311	-0.053346
  8120	0.073756	-2.978602	-0.053346
  8126	0.075545	-2.977637	-0.053346
  8133	0.076730	-2.976772	-0.053346
  8141	0.077832	-2.975455	-0.050147
  8151	0.078006	-2.974520	-0.050147
  8160	0.078730	-2.973553	-0.050147
  8170	0.079149	-2.972701	-0.050147
  8178	0.079180	-2.972066	-0.050147
  8188	0.079967	-2.971079	-0.046962
  8196	0.081212	-2.970444	-0.046962
  8205	0.082689	-2.969839	-0.046962
  8214	0.085248	-2.969195	-0.046962
  8223	0.088584	-2.968142	-0.046962
  8233	0.090473	-2.967346	-0.046962
  8242	0.090931	-2.966473	-0.043796
  8250	0.091811	-2.965528	-0.043796
  8259	0.093663	-2.964069	-0.043796
  8270	0.094302	-2.963065	-0.043796
  8279	0.093758	-2.962168	-0.043796
  8287	0.093680	-2.961328	-0.040647
  8296	0.093460	-2.960057	-0.040647
  8304	0.092688	-2.959237	-0.040647
  8313	0.090620	-2.958410	-0.040647
  8323	0.088444	-2.957757	-0.040647
  8331	0.084528	-2.956783	-0.040647
  8342	0.081394	-2.956155	-0.036054
  8350	0.078032	-2.955538	-0.036054
  8358	0.075677	-2.954922	-0.036054
  8364	0.075559	-2.954776	-0.036054
  8379	0.068005	-2.953127	-0.036054
  8386	0.064939	-2.952386	-0.036054
  8395	0.061750	-2.951657	-0.033789
  8405	0.058848	-2.950943	-0.033789
  8412	0.054006	-2.950127	-0.033789
  8418	0.050676	-2.949677	-0.033789
  8432	0.046031	-2.949337	-0.033789
  8440	0.042353	-2.948995	-0.032872
  8451	0.037127	-2.948517	-0.032872
  8458	0.033347	-2.948158	-0.032872
  8467	0.029589	-2.947813	-0.032872
  8475	0.027033	-2.947462	-0.032872
  8484	0.023353	-2.947025	-0.032872
  8494	0.020229	-2.946679	-0.032005
  8503	0.016537	-2.946319	-0.032005
  8512	0.013214	-2.945985	-0.032005
  8520	0.009988	-2.945531	-0.032005
  8531	0.007291	-2.945198	-0.032005
 8562	-0.000178	-2.944896	-0.031143
 8575	-0.004569	-2.944687	-0.031143
 8584	-0.005760	-2.944675	-0.031143
 8593	-0.006146	-2.944650	-0.030294
 8601	-0.006381	-2.944692	-0.030294
 8613	-0.007655	-2.944749	-0.030294
 8620	-0.008416	-2.944795	-0.030294
 8629	-0.008131	-2.944741	-0.030294
 8639	-0.007239	-2.944625	-0.029480
 8648	-0.006721	-2.944429	-0.029480
 8656	-0.006413	-2.944151	-0.029480
 8669	-0.005574	-2.943973	-0.028231
 8675	-0.002005	-2.943856	-0.028231
 8683	-0.000444	-2.943820	-0.028231
  8693	0.001137	-2.943745	-0.027020
  8701	0.002593	-2.943592	-0.027020
  8710	0.005217	-2.943423	-0.027020
  8718	0.007525	-2.943352	-0.027020
  8729	0.009741	-2.943227	-0.027020
  8737	0.011283	-2.943046	-0.026975
  8748	0.014217	-2.942727	-0.026975
  8756	0.015989	-2.942413	-0.026975
  8764	0.017602	-2.942084	-0.026975
  8773	0.019847	-2.941760	-0.026975
  8778	0.021244	-2.941593	-0.026883
  8784	0.022509	-2.941433	-0.026883
  8827	0.027615	-2.940135	-0.026766
  8839	0.027704	-2.939994	-0.026667
  8845	0.027251	-2.939849	-0.026667
  8857	0.026780	-2.939679	-0.026667
  8864	0.025688	-2.939389	-0.026667
  8872	0.024081	-2.939154	-0.026667
  8878	0.023305	-2.939039	-0.026667
  8891	0.022165	-2.938805	-0.026570
  8900	0.021086	-2.938633	-0.026570
  8909	0.019818	-2.938519	-0.026570
  8918	0.018250	-2.938449	-0.026570
  8927	0.016868	-2.938370	-0.026570
  8936	0.014871	-2.938382	-0.026570
  8945	0.011949	-2.938406	-0.026488
  8954	0.009499	-2.938436	-0.026488
  8964	0.007338	-2.938511	-0.026488
  8972	0.004860	-2.938593	-0.026488
  8981	0.000769	-2.938623	-0.026488
 8990	-0.001545	-2.938631	-0.026427
 9002	-0.003722	-2.938705	-0.026427
 9009	-0.006303	-2.938741	-0.026427
 9044	-0.017392	-2.939272	-0.026385
 9052	-0.021688	-2.939610	-0.026385
 9063	-0.024948	-2.939907	-0.026385
 9071	-0.027675	-2.940159	-0.026385
 9080	-0.030132	-2.940460	-0.026385
 9090	-0.033498	-2.940940	-0.026847
 9098	-0.035968	-2.941272	-0.026847
 9111	-0.037978	-2.941628	-0.026847
 9117	-0.040310	-2.941978	-0.026847
 9125	-0.042174	-2.942317	-0.026847
 9133	-0.042980	-2.942909	-0.026847
 9139	-0.043308	-2.943105	-0.027306
 9145	-0.043748	-2.943206	-0.027306
 9152	-0.044744	-2.943466	-0.027306
 9161	-0.045681	-2.943664	-0.027306
 9171	-0.044295	-2.943897	-0.027306
 9179	-0.043791	-2.943965	-0.027306
 9191	-0.043497	-2.944367	-0.027775
 9198	-0.042801	-2.944699	-0.027775
 9206	-0.041375	-2.945174	-0.027775
 9211	-0.040631	-2.945417	-0.027775
 9226	-0.039172	-2.945799	-0.027775
 9233	-0.037790	-2.946053	-0.027775
 9242	-0.035563	-2.946427	-0.028372
 9296	-0.025167	-2.947627	-0.029036
 9305	-0.023236	-2.947760	-0.029036
 9314	-0.020674	-2.947858	-0.029036
 9329	-0.015416	-2.948042	-0.028775
 9342	-0.013711	-2.948105	-0.028457
 9350	-0.011848	-2.948130	-0.028457
 9360	-0.010027	-2.948122	-0.028457
 9368	-0.008042	-2.948092	-0.028457
 9377	-0.005624	-2.948030	-0.028457
 9387	-0.004152	-2.947937	-0.028457
 9395	-0.001151	-2.947775	-0.028143
  9405	0.000802	-2.947626	-0.028143
  9414	0.002548	-2.947487	-0.028143
  9422	0.004406	-2.947315	-0.028143
  9432	0.006851	-2.947037	-0.028143
  9442	0.008435	-2.946774	-0.027811
  9449	0.009691	-2.946540	-0.027811
  9459	0.010963	-2.946305	-0.027811
  9468	0.012569	-2.946036	-0.027811
  9477	0.014487	-2.945634	-0.027811
  9485	0.016631	-2.945303	-0.027811
  9513	0.023046	-2.944013	-0.027461
  9521	0.024331	-2.943667	-0.027461
  9531	0.026596	-2.943313	-0.027461
  9540	0.029231	-2.942879	-0.027076
  9552	0.032159	-2.942267	-0.027076
  9558	0.033566	-2.941923	-0.027076
  9567	0.036371	-2.941527	-0.027076
  9576	0.039165	-2.941197	-0.027076
  9585	0.042116	-2.940597	-0.027076
  9594	0.043751	-2.940114	-0.026675
  9603	0.045684	-2.939635	-0.026675
  9613	0.047475	-2.939224	-0.026675
  9622	0.049117	-2.938580	-0.026675
  9630	0.049373	-2.938072	-0.026675
  9639	0.048944	-2.937640	-0.026223
  9650	0.049377	-2.937213	-0.026223
  9666	0.049879	-2.936233	-0.026223
  9675	0.050272	-2.935848	-0.026223
  9680	0.050386	-2.935644	-0.026223
  9693	0.049752	-2.935107	-0.025666
  9702	0.048641	-2.934625	-0.025666
  9712	0.047813	-2.934347	-0.025666
  9720	0.047152	-2.934048	-0.025666
  9729	0.046858	-2.933758	-0.025666
  9773	0.035586	-2.932356	-0.025037
  9785	0.033215	-2.932233	-0.025037
  9792	0.030931	-2.932133	-0.025295
  9801	0.027849	-2.932044	-0.025295
  9810	0.022863	-2.931901	-0.025295
  9820	0.019128	-2.931837	-0.025295
  9828	0.015346	-2.931808	-0.025295
  9837	0.012075	-2.931841	-0.025295
  9847	0.008496	-2.931902	-0.025559
  9856	0.003774	-2.932015	-0.025559
  9865	0.001310	-2.932128	-0.025559
 9882	-0.006770	-2.932453	-0.025559
 9892	-0.012831	-2.932723	-0.025801
 9901	-0.015767	-2.932949	-0.025801
 9910	-0.017953	-2.933185	-0.025801
 9919	-0.020883	-2.933447	-0.025801
 9927	-0.025400	-2.933854	-0.025801
 10433	0.015263	-2.937647	-0.022696
 10579	0.026784	-2.933081	-0.016891
 10694	0.021958	-2.929214	-0.007448
 10703	0.020517	-2.928922	-0.007448
 10712	0.018445	-2.928633	-0.007448
 10721	0.015351	-2.928385	-0.007448
 10730	0.013225	-2.928240	-0.007448
 10739	0.010161	-2.928073	-0.007089
 10749	0.006942	-2.928050	-0.007089
 10761	0.003198	-2.928042	-0.006455
10768	-0.001140	-2.928084	-0.006455
10775	-0.003631	-2.928163	-0.006455
10784	-0.005674	-2.928219	-0.006455
10794	-0.007397	-2.928281	-0.005788
10802	-0.009698	-2.928380	-0.005788
10812	-0.010846	-2.928348	-0.005788
10821	-0.012602	-2.928251	-0.005788
10829	-0.013616	-2.928102	-0.005788
10837	-0.015038	-2.928060	-0.005788
10843	-0.015394	-2.928029	-0.005136
10849	-0.015687	-2.927996	-0.005136
10856	-0.016780	-2.927987	-0.005136
10870	-0.019181	-2.928070	-0.005136
10883	-0.021899	-2.928409	-0.005136
10892	-0.022726	-2.928580	-0.004511
10902	-0.022625	-2.928741	-0.004511
10910	-0.022456	-2.928954	-0.004511
10920	-0.022244	-2.929052	-0.004511
10929	-0.022891	-2.929069	-0.004511
10937	-0.023053	-2.929097	-0.004511
10946	-0.022284	-2.929138	-0.003903
10958	-0.022108	-2.929239	-0.003903
10965	-0.022415	-2.929381	-0.003903
10979	-0.022545	-2.929523	-0.003903
10985	-0.022290	-2.929629	-0.003903
10992	-0.020383	-2.929778	-0.003321
11000	-0.018521	-2.929889	-0.003321
11010	-0.017090	-2.929976	-0.003321
11019	-0.015140	-2.930004	-0.003321
11028	-0.013077	-2.930091	-0.003321
11037	-0.012075	-2.930082	-0.003321
11046	-0.010292	-2.930061	-0.002765
11055	-0.008092	-2.930052	-0.002765
11065	-0.004011	-2.929993	-0.002765
11073	-0.002459	-2.929874	-0.002765
11082	-0.001334	-2.929719	-0.002765
 11092	0.000534	-2.929536	-0.002253
 11099	0.004690	-2.929258	-0.002253
 11108	0.006009	-2.929045	-0.002253
 11118	0.007989	-2.928826	-0.002253
 11127	0.012164	-2.928596	-0.002253
 11136	0.015116	-2.928370	-0.002253
 11145	0.018357	-2.927998	-0.001962
 11154	0.020638	-2.927696	-0.001962
 11163	0.023851	-2.927416	-0.001962
 11173	0.027013	-2.927108	-0.001962
 11180	0.031527	-2.926554	-0.001962
 11192	0.034225	-2.926054	-0.002006
 11202	0.036506	-2.925532	-0.002006
 11208	0.039473	-2.925009	-0.002006
 11216	0.043714	-2.924188	-0.002006
 11228	0.045561	-2.923622	-0.002006
 11235	0.047717	-2.923027	-0.002006
 11244	0.049671	-2.922461	-0.002077
 11253	0.052284	-2.921611	-0.002077
 11262	0.053639	-2.921072	-0.002077
 11271	0.054940	-2.920574	-0.002077
 11280	0.056114	-2.920064	-0.002077
 11289	0.056481	-2.919518	-0.002127
 11298	0.054620	-2.918741	-0.002127
 11312	0.054810	-2.918192	-0.002127
 11321	0.054412	-2.917581	-0.002127
 11327	0.052657	-2.917116	-0.002127
 11335	0.050497	-2.916467	-0.002127
 11343	0.049401	-2.916073	-0.002145
 11352	0.048468	-2.915667	-0.002145
 11362	0.047618	-2.915198	-0.002145
 11370	0.045132	-2.914552	-0.002145
 11380	0.042827	-2.914124	-0.002145
 11389	0.041139	-2.913770	-0.002127
 11398	0.038966	-2.913431	-0.002127
 11407	0.034775	-2.912990	-0.002127
 11420	0.031831	-2.912704	-0.001314
 11426	0.028379	-2.912454	-0.001314
 11434	0.026080	-2.912268	-0.001314
 11443	0.020760	-2.912048	-0.000441
 11452	0.017328	-2.911928	-0.000441
 11460	0.014163	-2.911825	-0.000441
 11470	0.010656	-2.911730	-0.000441
 11478	0.006335	-2.911680	-0.000441
 11487	0.003582	-2.911731	-0.000441
 11497	0.000634	-2.911795	-0.000335
11506	-0.003224	-2.911862	-0.000335
11514	-0.006328	-2.911939	-0.000335
 11528	-0.010785	-2.912156	0.000454
 11534	-0.014438	-2.912325	0.000454
 11541	-0.017847	-2.912539	0.001316
 11552	-0.020252	-2.912823	0.001316
 11559	-0.023777	-2.913251	0.001316