TIMESTAMPms	M1ATTITUDEyawspeed	M1ATTITUDEyaw	Rud
0	0.008230	-2.711715	0.094663
11	0.003415	-2.711730	0.096274
18	-0.001744	-2.711822	0.098113
26	-0.006260	-2.711951	0.098113
36	-0.016139	-2.712311	0.098113
44	-0.022403	-2.712581	0.098113
53	-0.028100	-2.712910	0.098113
62	-0.032733	-2.713326	0.098113
72	-0.037286	-2.713767	0.098229
81	-0.043889	-2.714560	0.098229
89	-0.047304	-2.715109	0.098229
99	-0.049839	-2.715801	0.098229
107	-0.051424	-2.716383	0.098229
122	-0.054353	-2.717299	0.099492
137	-0.058074	-2.718558	0.099492
143	-0.059500	-2.719195	0.099492
152	-0.061058	-2.720164	0.099492
161	-0.062627	-2.720903	0.099492
170	-0.063431	-2.721524	0.100278
180	-0.062796	-2.722136	0.100278
189	-0.060627	-2.723019	0.100278
199	-0.059872	-2.723580	0.100278
206	-0.057804	-2.724117	0.100278
218	-0.055838	-2.724641	0.101040
234	-0.051140	-2.725956	0.100881
243	-0.049697	-2.726396	0.100881
252	-0.048375	-2.726831	0.100881
261	-0.046235	-2.727261	0.100881
270	-0.043783	-2.727915	0.100592
279	-0.042254	-2.728327	0.100592
288	-0.040804	-2.728818	0.100592
297	-0.040396	-2.729244	0.100592
306	-0.041449	-2.729888	0.100592
314	-0.043334	-2.730331	0.100592
324	-0.045011	-2.730810	0.100289
333	-0.045419	-2.731332	0.100289
343	-0.045629	-2.732270	0.100289
351	-0.046268	-2.732862	0.100289
360	-0.046485	-2.733431	0.100289
369	-0.046139	-2.733985	0.099193
378	-0.043425	-2.734792	0.099193
387	-0.041264	-2.735302	0.099193
396	-0.039544	-2.735858	0.099193
405	-0.037501	-2.736450	0.099193
416	-0.035096	-2.737095	0.097827
423	-0.032477	-2.737862	0.097827
432	-0.031282	-2.738333	0.097827
441	-0.030188	-2.738749	0.097827
452	-0.029181	-2.739157	0.097827
459	-0.027237	-2.739708	0.097827
469	-0.026757	-2.740099	0.096407
478	-0.027497	-2.740416	0.096407
486	-0.028556	-2.740713	0.096407
494	-0.030641	-2.741150	0.096407
506	-0.033059	-2.741435	0.096407
513	-0.033962	-2.741704	0.096407
523	-0.035466	-2.741970	0.094508
531	-0.037539	-2.742406	0.094508
540	-0.038809	-2.742654	0.094508
549	-0.040430	-2.742888	0.094508
562	-0.040590	-2.743135	0.094508
567	-0.043169	-2.743527	0.092293
577	-0.045718	-2.743794	0.092293
586	-0.047508	-2.744068	0.092293
594	-0.048151	-2.744401	0.092293
600	-0.048426	-2.744497	0.092293
609	-0.049116	-2.744690	0.092293
622	-0.050623	-2.745602	0.090031
631	-0.050558	-2.745984	0.090031
640	-0.049381	-2.746392	0.090031
648	-0.047875	-2.747047	0.090031
654	-0.047111	-2.747331	0.090031
663	-0.046033	-2.747572	0.087736
677	-0.042446	-2.748527	0.087736
685	-0.040079	-2.749250	0.087736
694	-0.038898	-2.749742	0.087736
702	-0.038797	-2.750231	0.087736
711	-0.037949	-2.750735	0.087736
720	-0.036819	-2.751621	0.084768
729	-0.037202	-2.752152	0.084768
740	-0.037804	-2.752698	0.084768
748	-0.038350	-2.753247	0.084768
757	-0.039798	-2.754039	0.084768
765	-0.042372	-2.754522	0.081652
780	-0.044754	-2.755041	0.081234
786	-0.048255	-2.755661	0.081234
794	-0.050815	-2.756220	0.081234
801	-0.055793	-2.757140	0.081234
811	-0.058947	-2.757801	0.081234
820	-0.062132	-2.758449	0.080915
829	-0.064559	-2.759081	0.080915
838	-0.068243	-2.760183	0.080915
847	-0.071047	-2.760851	0.080915
856	-0.073559	-2.761537	0.080915
865	-0.075119	-2.762222	0.080619
874	-0.077756	-2.763189	0.080619
882	-0.079803	-2.763808	0.080619
892	-0.081077	-2.764419	0.081012
902	-0.081524	-2.765181	0.750000
909	-0.082481	-2.766199	0.750000
915	-0.083004	-2.766778	0.750000
929	-0.082619	-2.767577	0.750000
937	-0.082348	-2.768156	0.750000
946	-0.087088	-2.769049	0.750000
957	-0.098541	-2.769697	0.750000
964	-0.116477	-2.770473	0.750000
982	-0.189918	-2.772882	0.750000
992	-0.260750	-2.775458	0.750000
1003	-0.305386	-2.777518	0.750000
1009	-0.348899	-2.779934	0.750000
1018	-0.388711	-2.782591	0.750000
1027	-0.448007	-2.787649	0.750000
1037	-0.478800	-2.790999	0.750000
1045	-0.508310	-2.794654	0.750000
1054	-0.537677	-2.798540	0.750000
1064	-0.579052	-2.804856	0.750000
1075	-0.605151	-2.809378	0.750000
1081	-0.630049	-2.814022	0.750000
1087	-0.650982	-2.818302	0.750000
1100	-0.690807	-2.827283	0.750000
1112	-0.709730	-2.832538	0.750000
1118	-0.726733	-2.837944	0.750000
1126	-0.740940	-2.843458	0.750000
1136	-0.759451	-2.852018	0.750000
1144	-0.771044	-2.857792	0.750000
1153	-0.782452	-2.864714	0.750000
1163	-0.791791	-2.870750	0.750000
1172	-0.802519	-2.876861	0.750000
1180	-0.816539	-2.886267	0.750000
1191	-0.821707	-2.892681	0.750000
1199	-0.824661	-2.899117	0.750000
1208	-0.826649	-2.905623	0.750000
1220	-0.828302	-2.916601	0.750000
1227	-0.827141	-2.923188	0.750000
1234	-0.825199	-2.929783	0.750000
1281	-0.813890	-2.967505	0.750000
1289	-0.810446	-2.977574	0.750000
1298	-0.809289	-2.984269	0.750000
2046	-0.831267	-3.599458	0.750000
2054	-0.839014	-3.609039	0.750000
2066	-0.842064	-3.615362	0.750000
2073	-0.843616	-3.621586	0.750000
2082	-0.843879	-3.627952	0.750000
2091	-0.841395	-3.638723	0.750000
2102	-0.839962	-3.644962	0.750000
2109	-0.838299	-3.651339	0.750000
2118	-0.836627	-3.657778	0.750000
2127	-0.831403	-3.667394	0.750000
2136	-0.827740	-3.673749	0.750000
2147	-0.824965	-3.680020	0.750000
2154	-0.822240	-3.687379	0.750000
2163	-0.819445	-3.693604	0.750000
2168	-0.817862	-3.696727	0.750000
2177	-0.815007	-3.703042	0.750000
2190	-0.810151	-3.715269	0.750000
2253	-0.780144	-3.764303	0.750000
2262	-0.778884	-3.770122	0.750000
2271	-0.775120	-3.776033	0.750000
2280	-0.766569	-3.785901	0.750000
2286	-0.762582	-3.790835	0.750000
2299	-0.756153	-3.797228	0.750000
2363	-0.639612	-3.839209	0.750000
2371	-0.628747	-3.843713	0.750000
2388	-0.603748	-3.852683	0.750000
2397	-0.586142	-3.860085	0.750000
2407	-0.579812	-3.864222	0.750000
2416	-0.574066	-3.868262	0.750000
2429	-0.567337	-3.872381	0.750000
2435	-0.558593	-3.878395	0.750000
2443	-0.557479	-3.882307	0.750000
2451	-0.557528	-3.886225	0.750000
2461	-0.556002	-3.890137	0.750000
2471	-0.552173	-3.896791	0.750000
2480	-0.550935	-3.900551	0.750000
2488	-0.551677	-3.904478	0.750000
2497	-0.553628	-3.908303	0.750000
2505	-0.558998	-3.914502	0.750000
2514	-0.563968	-3.918548	0.750000
2524	-0.569609	-3.922590	0.750000
2532	-0.574707	-3.927492	0.750000
2543	-0.577920	-3.931640	0.750000
2551	-0.585124	-3.938164	0.750000
2560	-0.590897	-3.942503	0.750000
2568	-0.596929	-3.946881	0.750000
2580	-0.602361	-3.951196	0.750000
2586	-0.613205	-3.958923	0.750000
2598	-0.620983	-3.963352	0.750000
2605	-0.628825	-3.967825	0.750000
2613	-0.635646	-3.972424	0.750000
2622	-0.643201	-3.979752	0.750000
2634	-0.648796	-3.984502	0.750000
2641	-0.655431	-3.989449	0.750000
2653	-0.661931	-3.994398	0.750000
2660	-0.668690	-4.002932	0.750000
2668	-0.672289	-4.008013	0.750000
2677	-0.675918	-4.013100	0.750000
2688	-0.679716	-4.018135	0.750000
2695	-0.681523	-4.026012	0.750000
2700	-0.682062	-4.030721	0.750000
2713	-0.681027	-4.037015	0.750000
2722	-0.680036	-4.042093	0.750000
2731	-0.678868	-4.047136	0.750000
2740	-0.678190	-4.054969	0.750000
2750	-0.679426	-4.060002	0.750000
2763	-0.681548	-4.065081	0.750000
2769	-0.683546	-4.070133	0.750000
2776	-0.688234	-4.078945	0.750000
2785	-0.692296	-4.084152	0.750000
2795	-0.695654	-4.089288	0.750000
2803	-0.697655	-4.094581	0.750000
2812	-0.700240	-4.102437	0.750000
2821	-0.701383	-4.107675	0.750000
2830	-0.700851	-4.112783	0.750000
2839	-0.698743	-4.118908	0.750000
2848	-0.691938	-4.126742	0.750000
2858	-0.686196	-4.131728	0.750000
2871	-0.680029	-4.136783	0.750000
2877	-0.673543	-4.141659	0.750000
2884	-0.666083	-4.146589	0.750000
2894	-0.652814	-4.153818	0.750000
2902	-0.643566	-4.159376	0.750000
2912	-0.635820	-4.163869	0.750000
2920	-0.627046	-4.168398	0.750000
2930	-0.613757	-4.175091	0.750000
2939	-0.605018	-4.179318	0.750000
2947	-0.597289	-4.183584	0.750000
2956	-0.589402	-4.187832	0.750000
2966	-0.576728	-4.194820	0.750000
2979	-0.569184	-4.198888	0.750000
2986	-0.561700	-4.202763	0.750000
2993	-0.553668	-4.206676	0.750000
3003	-0.540966	-4.212533	0.750000
3010	-0.532798	-4.216315	0.750000
3016	-0.527525	-4.218792	0.750000
3029	-0.514729	-4.224319	0.750000
3039	-0.500089	-4.229764	0.750000
3047	-0.489973	-4.233198	0.750000
3056	-0.479962	-4.236667	0.750000
3064	-0.470292	-4.240105	0.750000
3070	-0.467181	-4.241158	0.750000
3076	-0.460643	-4.243408	0.750000
3083	-0.444699	-4.249076	0.750000
3092	-0.436360	-4.252323	0.750000
3101	-0.428747	-4.255470	0.750000
3110	-0.420850	-4.258690	0.750000
3119	-0.409866	-4.263608	0.750000
3128	-0.404197	-4.266696	0.750000
3137	-0.399358	-4.269859	0.750000
3146	-0.395211	-4.272951	0.750000
3155	-0.391052	-4.278450	0.750000
3165	-0.388297	-4.281596	0.750000
3173	-0.386755	-4.284806	0.750000
3182	-0.385543	-4.288031	0.750000
3192	-0.385539	-4.293029	0.750000
3203	-0.385944	-4.296297	0.750000
3210	-0.386646	-4.299604	0.750000
3219	-0.388903	-4.303633	0.750000
3227	-0.391883	-4.309004	0.750000
3236	-0.394325	-4.312504	0.750000
3245	-0.396112	-4.316067	0.750000
3254	-0.398806	-4.319611	0.750000
3264	-0.402200	-4.323219	0.750000
3271	-0.407334	-4.329631	0.750000
3281	-0.412310	-4.333381	0.750000
3290	-0.417695	-4.337143	0.750000
3299	-0.423833	-4.341032	0.750000
3313	-0.434068	-4.347013	0.750000
3319	-0.441358	-4.350938	0.750000
3326	-0.448857	-4.355015	0.750000
3335	-0.458753	-4.359908	0.750000
3344	-0.471962	-4.366269	0.750000
3353	-0.481070	-4.370489	0.750000
3362	-0.490109	-4.374823	0.750000
3372	-0.498910	-4.379140	0.750000
3380	-0.512407	-4.385926	0.750000
3391	-0.520964	-4.390373	0.750000
3399	-0.529896	-4.395765	0.750000
3408	-0.537204	-4.400255	0.750000
3424	-0.555953	-4.411929	0.750000
3434	-0.563772	-4.416655	0.750000
3443	-0.571430	-4.421452	0.750000
3449	-0.577820	-4.426124	0.750000
3462	-0.587566	-4.434267	0.750000
3470	-0.593339	-4.439087	0.750000
3480	-0.597943	-4.443859	0.750000
3488	-0.601872	-4.448675	0.750000
3497	-0.610296	-4.456093	0.750000
3507	-0.614379	-4.460916	0.750000
3515	-0.618039	-4.465797	0.750000
3529	-0.621684	-4.471453	0.750000
3542	-0.628558	-4.483737	0.750000
3551	-0.630417	-4.488594	0.750000
3561	-0.630854	-4.493399	0.750000
3569	-0.630643	-4.498228	0.750000
3579	-0.627996	-4.505467	0.750000
3588	-0.623900	-4.511043	0.750000
3597	-0.619252	-4.515674	0.750000
3605	-0.613523	-4.520278	0.750000
3614	-0.602724	-4.527225	0.750000
3619	-0.598797	-4.529532	0.750000
3625	-0.594196	-4.531653	0.750000
3632	-0.584664	-4.536053	0.750000
3645	-0.574009	-4.540338	0.750000
3652	-0.554644	-4.547430	0.750000
3660	-0.543710	-4.551499	0.750000
3669	-0.531956	-4.555486	0.750000
3679	-0.520933	-4.559389	0.750000
3688	-0.504966	-4.565247	0.750000
3700	-0.494279	-4.568920	0.750000
3706	-0.484002	-4.572496	0.750000
3714	-0.472281	-4.576681	0.750000
3724	-0.457710	-4.582061	0.750000
3732	-0.449955	-4.585465	0.750000
3742	-0.442785	-4.588776	0.750000
3753	-0.436630	-4.592086	0.750000
3759	-0.431738	-4.595374	0.750000
3768	-0.423526	-4.601050	0.750000
3776	-0.419781	-4.604338	0.750000
3788	-0.417770	-4.607563	0.750000
3795	-0.416698	-4.610851	0.750000
3800	-0.416006	-4.613679	0.750000
3813	-0.415339	-4.619154	0.750000
3823	-0.415851	-4.622491	0.750000
3831	-0.417505	-4.625864	0.750000
3841	-0.420617	-4.631722	0.750000
3849	-0.423568	-4.635205	0.750000
3868	-0.430692	-4.642240	0.750000
3876	-0.435690	-4.647780	0.750000
3884	-0.438610	-4.651452	0.750000
3890	-0.442008	-4.655164	0.750000
3904	-0.446306	-4.659575	0.750000
3912	-0.450944	-4.665442	0.750000
3922	-0.454049	-4.669300	0.750000
3931	-0.456329	-4.673099	0.750000
3939	-0.458808	-4.677000	0.750000
3948	-0.460448	-4.680960	0.750000
3957	-0.462961	-4.687773	0.750000
3971	-0.464345	-4.691739	0.750000
3977	-0.465414	-4.695751	0.750000
3984	-0.465689	-4.699778	0.750000
3993	-0.465653	-4.705898	0.750000
4002	-0.465273	-4.709907	0.750000
4011	-0.465634	-4.713911	0.750000
4021	-0.466861	-4.717921	0.750000
4029	-0.468219	-4.724769	0.750000
4039	-0.469249	-4.728795	0.750000
4047	-0.469719	-4.732774	0.750000
4057	-0.471237	-4.736746	0.750000
4065	-0.473524	-4.742844	0.750000
4074	-0.474828	-4.746835	0.750000
4093	-0.478708	-4.755464	0.750000
4101	-0.482688	-4.761569	0.750000
4111	-0.485583	-4.765540	0.750000
4120	-0.488276	-4.769529	0.750000
4128	-0.491222	-4.773519	0.750000
4137	-0.493983	-4.777534	0.750000
4147	-0.498851	-4.784378	0.750000
4156	-0.501617	-4.788398	0.750000
4165	-0.503818	-4.792402	0.750000
4174	-0.506107	-4.796355	0.750000
4182	-0.509928	-4.802488	0.750000
4193	-0.511272	-4.806531	0.750000
4201	-0.512738	-4.810545	0.750000
4210	-0.514792	-4.815305	0.750000
4219	-0.516988	-4.821422	0.750000
4229	-0.517892	-4.825384	0.750000
4236	-0.519711	-4.829411	0.750000
4248	-0.520901	-4.833505	0.750000
4255	-0.522935	-4.839692	0.750000
4264	-0.524665	-4.844452	0.750000
4273	-0.525103	-4.848533	0.750000
4278	-0.525058	-4.852582	0.750000
4290	-0.524584	-4.856660	0.750000
4304	-0.522532	-4.862891	0.750000
4310	-0.521009	-4.866982	0.750000
4318	-0.519117	-4.871081	0.750000
4327	-0.516680	-4.875148	0.750000
4336	-0.510852	-4.882038	0.750000
4344	-0.506438	-4.886079	0.750000
4354	-0.501569	-4.890104	0.750000
4363	-0.495599	-4.894082	0.750000
4371	-0.486824	-4.900118	0.750000
4382	-0.480789	-4.904008	0.750000
4390	-0.474133	-4.907847	0.750000
4399	-0.466688	-4.912373	0.750000
4413	-0.457284	-4.918174	0.735040
4419	-0.451694	-4.921928	0.647094
4426	-0.446482	-4.925697	0.647094
4435	-0.441666	-4.929398	0.647094
4444	-0.435281	-4.934962	0.647094
4453	-0.432149	-4.938617	0.647094
4462	-0.429323	-4.942931	0.647094
4471	-0.426488	-4.946587	0.560812
4480	-0.423495	-4.950276	0.560812
4490	-0.420724	-4.955902	0.560812
4498	-0.419440	-4.959468	0.560812
4507	-0.419601	-4.963152	0.560812
4527	-0.417922	-4.973197	0.473490
4534	-0.412964	-4.976873	0.473490
4544	-0.407876	-4.980516	0.473490
4552	-0.402160	-4.984132	0.473490
4562	-0.395240	-4.989623	0.473490
4571	-0.393730	-4.993110	0.384988
4580	-0.394162	-4.996658	0.384988
4588	-0.395888	-5.000845	0.384988
4597	-0.400481	-5.006318	0.384988
4606	-0.405005	-5.009968	0.384988
4616	-0.408222	-5.013564	0.384988
4624	-0.407833	-5.017194	0.205401
4635	-0.404186	-5.022770	0.205401
4642	-0.400993	-5.027011	0.205401
4652	-0.396126	-5.030556	0.205401
4660	-0.389048	-5.034061	0.205401
4670	-0.381286	-5.037443	0.116796
4679	-0.369374	-5.042437	0.116796
4688	-0.361918	-5.045667	0.116796
4697	-0.352664	-5.048790	0.116796
4706	-0.341679	-5.051863	0.116796
4714	-0.327199	-5.056705	0.116796
4720	-0.320924	-5.058674	0.032562
4729	-0.316992	-5.059493	0.032562
4744	-0.297318	-5.064651	0.032562
4750	-0.283350	-5.068400	0.032562
4760	-0.275049	-5.070787	0.032562
4769	-0.264513	-5.073433	0.000000
4778	-0.255125	-5.075601	0.000000
4786	-0.240946	-5.078652	0.000000
4796	-0.232454	-5.080515	0.000000
4805	-0.224065	-5.082254	0.000000
4814	-0.216611	-5.083932	0.000000
4823	-0.205809	-5.086380	0.000000
4832	-0.196978	-5.088159	0.000000
4841	-0.188317	-5.089529	0.000000
4853	-0.179815	-5.090828	0.000000
4860	-0.171398	-5.092048	0.000000
4867	-0.158972	-5.093744	0.000000
4877	-0.152030	-5.094702	0.000000
4886	-0.146033	-5.095596	0.000000
4895	-0.138940	-5.096571	0.000000
4904	-0.130977	-5.097715	0.000000
4913	-0.125990	-5.098337	0.000000
4922	-0.121546	-5.098944	0.000000
4931	-0.117292	-5.099483	0.000000
4940	-0.110440	-5.100320	0.000000
4950	-0.107034	-5.100792	0.000000
4968	-0.098650	-5.101669	0.000000
4976	-0.093042	-5.102209	0.000000
4985	-0.088890	-5.102478	0.000000
4994	-0.085183	-5.102713	0.000000
4999	-0.082610	-5.102885	0.000000
5012	-0.077474	-5.103219	0.000000
5022	-0.074076	-5.103396	-0.011067
5031	-0.071028	-5.103464	-0.011067
5039	-0.067650	-5.103523	-0.011067
5048	-0.064296	-5.103600	-0.011067
5058	-0.061434	-5.103786	-0.011067
5071	-0.059395	-5.103848	-0.025259
5077	-0.057840	-5.103892	-0.025259
5085	-0.056205	-5.103958	-0.025259
5093	-0.052220	-5.104096	-0.025259
5102	-0.049886	-5.104130	-0.025259
5112	-0.047169	-5.104125	-0.025259
5121	-0.045001	-5.104145	-0.039189
5129	-0.040513	-5.104236	-0.039189
5138	-0.036389	-5.104250	-0.039189
5144	-0.034030	-5.104225	-0.039189
5156	-0.024683	-5.104095	-0.039189
5165	-0.014374	-5.103959	-0.039189
5184	-0.002546	-5.103735	-0.053613
5193	0.002748	-5.103585	-0.053613
5202	0.009051	-5.103392	-0.053613
5212	0.014541	-5.103209	-0.053613
5220	0.018092	-5.102968	-0.069292
5229	0.021692	-5.102797	-0.069292
5239	0.024894	-5.102685	-0.069292
5247	0.028193	-5.102592	-0.069292
5255	0.028873	-5.102477	-0.069292
5265	0.029427	-5.102447	-0.069292
5273	0.028738	-5.102474	-0.084961
5283	0.026492	-5.102763	-0.084961
5292	0.024466	-5.103007	-0.084961
5301	0.022449	-5.103267	-0.084961
5310	0.020527	-5.103204	-0.084961
5319	0.016678	-5.103236	-0.101372
5328	0.014651	-5.103242	-0.101372
5337	0.012590	-5.103466	-0.101372
5346	0.010136	-5.103746	-0.101372
5355	0.006255	-5.104294	-0.101372
5364	0.003726	-5.104659	-0.101372
5373	0.001701	-5.105040	-0.117554
5382	0.000466	-5.105424	-0.117554
5392	-0.000433	-5.105859	-0.117554
5404	-0.000402	-5.106694	-0.117554
5410	0.001647	-5.107057	-0.117554
5418	0.003547	-5.107225	-0.133980
5427	0.005405	-5.107322	-0.133980
5436	0.009270	-5.107552	-0.133980
5444	0.013064	-5.107639	-0.133980
5456	0.017574	-5.107701	-0.133980
5463	0.023454	-5.107655	-0.133980
5472	0.030693	-5.107437	-0.150227
5482	0.036638	-5.107071	-0.150227
5490	0.043477	-5.106689	-0.150227
5499	0.050041	-5.106259	-0.150227
5518	0.067819	-5.104589	-0.166564
5526	0.074301	-5.103767	-0.166564
5531	0.081693	-5.102998	-0.166564
5541	0.095736	-5.101577	-0.166564
5552	0.105291	-5.100365	-0.166564
5563	0.115625	-5.098998	-0.166564
5571	0.125430	-5.097209	-0.182325
5580	0.134857	-5.095136	-0.182325
5590	0.149774	-5.091872	-0.182325
5598	0.158170	-5.089854	-0.182325
5607	0.167260	-5.087796	-0.182325
5625	0.189131	-5.082290	-0.198240
5634	0.196851	-5.079958	-0.198240
5644	0.204887	-5.077197	-0.198240
5652	0.213579	-5.074818	-0.198240
5662	0.224238	-5.071064	-0.198240
5670	0.229531	-5.068343	-0.213900
5679	0.235060	-5.065419	-0.213900
5688	0.239766	-5.062400	-0.213900
5698	0.244257	-5.058209	-0.213900
5707	0.244290	-5.054911	-0.213900
5716	0.243597	-5.052015	-0.213900
5724	0.243804	-5.049138	-0.228317
5743	0.241934	-5.042127	-0.241304
5751	0.241172	-5.039358	-0.241304
5761	0.240896	-5.036604	-0.241304
5770	0.240128	-5.033470	-0.252714
5779	0.238293	-5.029518	-0.252714
5788	0.237742	-5.026900	-0.252714
5797	0.239052	-5.024407	-0.252714
5806	0.239390	-5.022026	-0.252714
5814	0.239111	-5.018482	-0.252714
5820	0.239188	-5.017075	-0.262991
5826	0.239753	-5.015833	-0.262991
5834	0.241002	-5.012902	-0.262991
5844	0.242432	-5.010093	-0.272438
5851	0.245707	-5.006367	-0.272438
5860	0.249727	-5.003867	-0.272438
5869	0.254517	-5.001552	-0.280545
5878	0.259662	-4.999174	-0.280545
5887	0.270744	-4.995774	-0.280545
5896	0.278610	-4.993052	-0.280545
5906	0.284663	-4.990740	-0.280545
5914	0.292501	-4.988462	-0.280545
5923	0.301432	-4.986175	-0.287504
5932	0.313938	-4.982588	-0.287504
5941	0.322600	-4.979975	-0.287504
5953	0.333399	-4.976863	-0.293249
5959	0.343798	-4.974225	-0.293249
5967	0.359162	-4.970410	-0.297506
5977	0.368243	-4.967629	-0.297506
5986	0.377672	-4.964778	-0.297506
5995	0.387733	-4.961921	-0.297506
6005	0.400437	-4.957670	-0.297506
6014	0.409424	-4.954130	-0.297506
6022	0.417425	-4.951084	-0.300978
6031	0.425204	-4.947949	-0.300978
6040	0.435461	-4.943264	-0.300978
6051	0.441053	-4.940085	-0.300978
6068	0.450638	-4.933616	-0.307881
6076	0.456559	-4.927928	-0.307881
6084	0.457801	-4.924195	-0.307881
6094	0.458827	-4.920483	-0.307881
6104	0.459816	-4.916795	-0.307881
6112	0.459118	-4.913109	-0.307881
6121	0.457692	-4.907763	-0.311281
6131	0.457798	-4.903991	-0.311281
6139	0.457668	-4.900279	-0.311281
6149	0.456213	-4.895914	-0.311281
6157	0.453638	-4.890457	-0.311281
6171	0.452193	-4.886618	-0.314524
6176	0.450362	-4.882675	-0.314524
6184	0.448340	-4.878785	-0.314524
6192	0.444511	-4.873125	-0.314524
6204	0.442188	-4.868611	-0.314524
6212	0.440067	-4.864776	-0.314524
6221	0.437240	-4.860897	-0.317164
6230	0.433770	-4.855223	-0.317164
6238	0.432503	-4.851441	-0.317164
6247	0.431853	-4.847640	-0.317164
6257	0.430302	-4.843841	-0.317164
6265	0.429945	-4.837602	-0.317164
6280	0.430137	-4.833751	-0.323312
6286	0.428845	-4.829905	-0.323312
6293	0.426841	-4.826091	-0.323312
6302	0.424203	-4.822330	-0.323312
6311	0.420867	-4.816778	-0.323312
6320	0.420027	-4.813071	-0.326840
6329	0.419777	-4.808618	-0.326840
6338	0.418213	-4.804798	-0.326840
6346	0.416398	-4.799184	-0.326840
6358	0.414766	-4.795422	-0.326840
6366	0.413439	-4.791714	-0.326840
6374	0.411937	-4.788052	-0.330343
6385	0.409188	-4.781962	-0.335440
6401	0.404836	-4.774660	-0.335440
6410	0.401553	-4.771052	-0.335440
6422	0.398793	-4.765780	-0.339586
6428	0.397103	-4.762262	-0.339586
6438	0.395976	-4.758709	-0.339586
6447	0.396017	-4.755144	-0.339586
6455	0.397429	-4.751033	-0.339586
6464	0.399606	-4.745744	-0.339586
6474	0.401673	-4.742123	-0.343710
6482	0.403345	-4.738528	-0.343710
6491	0.404150	-4.734993	-0.343710
6503	0.405499	-4.729812	-0.348596
6510	0.406524	-4.726357	-0.348596
6518	0.406988	-4.722281	-0.353264
6527	0.406814	-4.718715	-0.353264
6536	0.409415	-4.713488	-0.353264
6545	0.411866	-4.709948	-0.353264
6555	0.412052	-4.706382	-0.353264
6563	0.411593	-4.702840	-0.353264
6572	0.412961	-4.697567	-0.357728
6581	0.413402	-4.693443	-0.357728
6590	0.412311	-4.689938	-0.357728
6600	0.410683	-4.686423	-0.357728
6613	0.409553	-4.681369	-0.361594
6626	0.411222	-4.674590	-0.364071
6636	0.412815	-4.671223	-0.364071
6644	0.416085	-4.667335	-0.364071
6653	0.422000	-4.662258	-0.364071
6663	0.425726	-4.658788	-0.364071
6672	0.429712	-4.655260	-0.366385
6680	0.434592	-4.651777	-0.366385
6691	0.442937	-4.646563	-0.366385
6698	0.448227	-4.642947	-0.366385
6704	0.450085	-4.641497	-0.366385
6721	0.457670	-4.634982	-0.370733
6727	0.464835	-4.629434	-0.370733
6734	0.469042	-4.625708	-0.370733
6744	0.472425	-4.621901	-0.370733
6752	0.476458	-4.618092	-0.370733
6761	0.485651	-4.611734	-0.370733
6771	0.491580	-4.607772	-0.371822
6780	0.496861	-4.603711	-0.371822
6789	0.502253	-4.599602	-0.371822
6799	0.509084	-4.593411	-0.371822
6807	0.513390	-4.589152	-0.371822
6816	0.517816	-4.584830	-0.371822
6825	0.520909	-4.579758	-0.373116
6835	0.524107	-4.575272	-0.373116
6844	0.528392	-4.568529	-0.373116
6852	0.528679	-4.563914	-0.373116
6860	0.527197	-4.559308	-0.373116
6870	0.525107	-4.554738	-0.373364
6879	0.519521	-4.548019	-0.373364
6889	0.512840	-4.542730	-0.373364
6897	0.506350	-4.538232	-0.373364
6907	0.499725	-4.533796	-0.373364
6914	0.487097	-4.527323	-0.373364
6920	0.481412	-4.524838	-0.373459
6925	0.475507	-4.523026	-0.373459
6933	0.462409	-4.518903	-0.373459
6944	0.450377	-4.514807	-0.373459
6952	0.432619	-4.508287	-0.373459
6960	0.423106	-4.504440	-0.373459
6969	0.414942	-4.500627	-0.373822
6978	0.410413	-4.496852	-0.373822
6987	0.405652	-4.491460	-0.373822
6995	0.403052	-4.487916	-0.373822
7006	0.401565	-4.484348	-0.373822
7015	0.401996	-4.480289	-0.373822
7023	0.405459	-4.476772	-0.373875
7031	0.412768	-4.471456	-0.373875
7043	0.416905	-4.467811	-0.373875
7053	0.422442	-4.464178	-0.375467
7059	0.428426	-4.460455	-0.375467
7069	0.435983	-4.454943	-0.376091
7077	0.441839	-4.450556	-0.376091
7086	0.447745	-4.446791	-0.376091
7095	0.455616	-4.442974	-0.376091
7105	0.466571	-4.437180	-0.376091
7113	0.475421	-4.433258	-0.376091
7123	0.485805	-4.429195	-0.376385
7132	0.495968	-4.425060	-0.376385
7140	0.513119	-4.418174	-0.376385
7151	0.521817	-4.413883	-0.376385
7168	0.540026	-4.405068	-0.376406
7176	0.547881	-4.400555	-0.376406
7186	0.554839	-4.393697	-0.376406
7194	0.558255	-4.389102	-0.376406
7203	0.561789	-4.383678	-0.376406
7212	0.563623	-4.379042	-0.376406
7222	0.564969	-4.372130	-0.376088
7230	0.565785	-4.367470	-0.376088
7240	0.565375	-4.362745	-0.376088
7248	0.563736	-4.358046	-0.376088
7257	0.558867	-4.351111	-0.376088
7271	0.554813	-4.345716	-0.374768
7277	0.550962	-4.341101	-0.374768
7285	0.546538	-4.336544	-0.374768
7294	0.537296	-4.329834	-0.374768
7303	0.531039	-4.325393	-0.374768
7311	0.524786	-4.320994	-0.374768
7321	0.518954	-4.316636	-0.372991
7330	0.507370	-4.309697	-0.372991
7339	0.500365	-4.305592	-0.372991
7348	0.494861	-4.301499	-0.372991
7357	0.488357	-4.297524	-0.372991
7367	0.480099	-4.293566	-0.372991
7374	0.465304	-4.287882	-0.370832
7380	0.454302	-4.284049	-0.370073
7393	0.441039	-4.279900	-0.370073
7402	0.432742	-4.276342	-0.370073
7410	0.423507	-4.271210	-0.370073
7420	0.419459	-4.267762	-0.369262
7429	0.416694	-4.264368	-0.369262
7438	0.415467	-4.261017	-0.369262
7447	0.417723	-4.255573	-0.369262
7456	0.420139	-4.252214	-0.369262
7466	0.423804	-4.248755	-0.369262
7473	0.429000	-4.245337	-0.366505
7482	0.438088	-4.240256	-0.366505
7493	0.443890	-4.236751	-0.364257
7501	0.449897	-4.233212	-0.364257
7510	0.456213	-4.229614	-0.364257
7520	0.464820	-4.225353	-0.362080
7528	0.476684	-4.219849	-0.362080
7536	0.485208	-4.216037	-0.362080
7549	0.493874	-4.212151	-0.362080
7555	0.503231	-4.208262	-0.362080
7565	0.516705	-4.202233	-0.362080
7573	0.524479	-4.197396	-0.359781
7581	0.530401	-4.193183	-0.359781
7587	0.533974	-4.190843	-0.359781
7605	0.541970	-4.182456	-0.357866
7610	0.543663	-4.178065	-0.357866
7618	0.544670	-4.173655	-0.356306
7627	0.546872	-4.169144	-0.356306
7635	0.548057	-4.161782	-0.356306
7645	0.547878	-4.157367	-0.356306
7655	0.548625	-4.152824	-0.356306
7663	0.548791	-4.148273	-0.356306
7672	0.548234	-4.141557	-0.354756
7682	0.546141	-4.136981	-0.354756
7690	0.542628	-4.132432	-0.354756
7699	0.537100	-4.127188	-0.354756
7713	0.532372	-4.122740	-0.352398
7719	0.522445	-4.116329	-0.348825
7727	0.514932	-4.112064	-0.348825
7735	0.508311	-4.107821	-0.348825
7744	0.501923	-4.103624	-0.348825
7753	0.492664	-4.097623	-0.348825
7762	0.484865	-4.093021	-0.348825
7771	0.478515	-4.089059	-0.345003
7781	0.472467	-4.085104	-0.345003
7789	0.465017	-4.079390	-0.345003
7799	0.458827	-4.075547	-0.345003
7808	0.454329	-4.071730	-0.345003
7825	0.444546	-4.061729	-0.341023
7836	0.441000	-4.057991	-0.341023
7844	0.437763	-4.054292	-0.341023
7852	0.435130	-4.050647	-0.341023
7862	0.432665	-4.046954	-0.341023
7871	0.429686	-4.041440	-0.335934
7879	0.428285	-4.037765	-0.335934
7888	0.426743	-4.033563	-0.335934
7898	0.426255	-4.029990	-0.335934
7907	0.425865	-4.024670	-0.335934
7916	0.425153	-4.021040	-0.335934
7934	0.424582	-4.013652	-0.326270
7942	0.423723	-4.008200	-0.326270
7952	0.422526	-4.003988	-0.326270
7961	0.422156	-4.000322	-0.326270
7970	0.422621	-3.996610	-0.321724
7980	0.422769	-3.991033	-0.321724
7988	0.423238	-3.987152	-0.321724
8002	0.424759	-3.983422	-0.321724
8015	0.429307	-3.973662	-0.321724
8024	0.430463	-3.969972	-0.316640
8033	0.432061	-3.966254	-0.316640
8043	0.433133	-3.962500	-0.311138
8051	0.434119	-3.958753	-0.311138
8059	0.435571	-3.953184	-0.311138
8069	0.436509	-3.949454	-0.306672
8079	0.437707	-3.945205	-0.306672
8087	0.438359	-3.941514	-0.306672
8096	0.438900	-3.935913	-0.306672
8105	0.439157	-3.932155	-0.306672
8114	0.439832	-3.928379	-0.306672
8123	0.439836	-3.924648	-0.301552
8132	0.439940	-3.918624	-0.301552
8141	0.439484	-3.914950	-0.301552
8153	0.438923	-3.911368	-0.301552
8159	0.439398	-3.907755	-0.301552
8167	0.439308	-3.902447	-0.301552
8177	0.439238	-3.898835	-0.296114
8187	0.438255	-3.895192	-0.296114
8196	0.436669	-3.891552	-0.296114
8204	0.435249	-3.887262	-0.296114
8212	0.432202	-3.881861	-0.296114
8222	0.430249	-3.878216	-0.290426
8231	0.428365	-3.874654	-0.290426
8241	0.425893	-3.871063	-0.290426
8249	0.422244	-3.865871	-0.290426
8263	0.418797	-3.861841	-0.284617
8276	0.409663	-3.855112	-0.279418
8284	0.402259	-3.850249	-0.279418
8296	0.398022	-3.847040	-0.279418
8303	0.393629	-3.843877	-0.279418
8312	0.390907	-3.840609	-0.279418
8322	0.387808	-3.835324	-0.272490
8330	0.385443	-3.832106	-0.272490
8345	0.382490	-3.828906	-0.272490
8358	0.373659	-3.821153	-0.272490
8371	0.370045	-3.818050	-0.257388
8377	0.367061	-3.814978	-0.257388
8384	0.364753	-3.811922	-0.257388
8393	0.363033	-3.808447	-0.257388
8404	0.363102	-3.804057	-0.257388
8411	0.363245	-3.801163	-0.257388
8421	0.363531	-3.798195	-0.250406
8429	0.363273	-3.795150	-0.250406
8438	0.362677	-3.790615	-0.250406
8447	0.362949	-3.786968	-0.250406
8456	0.363574	-3.783853	-0.250406
8465	0.363191	-3.780670	-0.250406
8474	0.366060	-3.776108	-0.243002
8483	0.368812	-3.772981	-0.235636
8493	0.370315	-3.769827	-0.235636
8501	0.370924	-3.766685	-0.235636
8511	0.374125	-3.761460	-0.235636
8519	0.376963	-3.758199	-0.228571
8529	0.378762	-3.755031	-0.228571
8538	0.379370	-3.751890	-0.228571
8547	0.379719	-3.748734	-0.228571
8556	0.378886	-3.743977	-0.228571
8565	0.378143	-3.740759	-0.228571
8574	0.377648	-3.737005	-0.221561
8582	0.377282	-3.733760	-0.221561
8593	0.377182	-3.728934	-0.214841
8601	0.376290	-3.725578	-0.214841
8610	0.374810	-3.722277	-0.214841
8621	0.373322	-3.718886	-0.207782
8629	0.369323	-3.713552	-0.207782
8636	0.366399	-3.710348	-0.207782
8647	0.362931	-3.707252	-0.207782
8655	0.358995	-3.704210	-0.207782
8665	0.351310	-3.699725	-0.207782
8673	0.346603	-3.696687	-0.200732
8682	0.341231	-3.693774	-0.200732
8690	0.337469	-3.690952	-0.200732
8704	0.332555	-3.686227	-0.194421
8710	0.329391	-3.683406	-0.194421
8718	0.327048	-3.680467	-0.194421
8728	0.325171	-3.677512	-0.187858
8735	0.322802	-3.674607	-0.187858
8741	0.320871	-3.672365	-0.187858
8754	0.315385	-3.667709	-0.187858
8763	0.309965	-3.664485	-0.187858
8772	0.305096	-3.661751	-0.181196
8781	0.296034	-3.657922	-0.181196
8786	0.291548	-3.655527	-0.181196
8799	0.286705	-3.653145	-0.181196
8818	0.276092	-3.647229	-0.174233
8826	0.272796	-3.644516	-0.167860
8836	0.269118	-3.642155	-0.167860
8844	0.266074	-3.639872	-0.167860
8853	0.261394	-3.636588	-0.167860
8862	0.259018	-3.634315	-0.167860
8871	0.256288	-3.632098	-0.161257
8880	0.253070	-3.629962	-0.161257
8889	0.247604	-3.626525	-0.161257
8898	0.244339	-3.624485	-0.161257
8908	0.242356	-3.622532	-0.161257
8921	0.241768	-3.620746	-0.154663
8926	0.242080	-3.618968	-0.154663
8933	0.242178	-3.616123	-0.154663
8945	0.244780	-3.613627	-0.154663
8952	0.246597	-3.611480	-0.154663
8962	0.247324	-3.609341	-0.154663
8971	0.247433	-3.606113	-0.147716
8979	0.248159	-3.603878	-0.147716
8989	0.247869	-3.601612	-0.147716
8997	0.247601	-3.599459	-0.147716
9006	0.248767	-3.595944	-0.147716
9017	0.250123	-3.593856	-0.147716
9025	0.250874	-3.591843	-0.140320
9034	0.250554	-3.589826	-0.140320
9042	0.250113	-3.586837	-0.140320
9054	0.249144	-3.584779	-0.140320
9060	0.249116	-3.582751	-0.140320
9070	0.249291	-3.580362	-0.132749
9078	0.248419	-3.577348	-0.132749
9088	0.247578	-3.575249	-0.132749
9097	0.246821	-3.573082	-0.132749
9106	0.246328	-3.570974	-0.132749
9114	0.246099	-3.568893	-0.132749
9120	0.245538	-3.567311	-0.125005
9133	0.243814	-3.563541	-0.125005
9152	0.240569	-3.559594	-0.117848
9160	0.235860	-3.556742	-0.117848
9169	0.232047	-3.554891	-0.111232
9179	0.228494	-3.553092	-0.111232
9187	0.226514	-3.551327	-0.111232
9196	0.222370	-3.548331	-0.111232
9205	0.218750	-3.546434	-0.111232
9214	0.216673	-3.544497	-0.111232
9222	0.214379	-3.542538	-0.104974
9232	0.210744	-3.539703	-0.104974
9237	0.208817	-3.537761	-0.104974
9254	0.207747	-3.535653	-0.099177
9261	0.207368	-3.533749	-0.099177
9268	0.205904	-3.531875	-0.099177
9276	0.203120	-3.529230	-0.094014
9287	0.201976	-3.527557	-0.094014
9295	0.200587	-3.525944	-0.094014
9307	0.199385	-3.524265	-0.094014
9314	0.196925	-3.521396	-0.094014
9322	0.193879	-3.519641	-0.088901
9331	0.190090	-3.517901	-0.088901
9340	0.186765	-3.516176	-0.088901
9350	0.181170	-3.513761	-0.088901
9362	0.176885	-3.512145	-0.088901
9369	0.173746	-3.510598	-0.083992
9376	0.171094	-3.509047	-0.083992
9386	0.165663	-3.506691	-0.083992
9394	0.163328	-3.505390	-0.083992
9404	0.161367	-3.503987	-0.083992
9412	0.160094	-3.502648	-0.083992
9422	0.157493	-3.500602	-0.079172
9431	0.154720	-3.499198	-0.079172
9439	0.151679	-3.497878	-0.079172
9448	0.147581	-3.496361	-0.079172
9459	0.142724	-3.495047	-0.079172
9471	0.137334	-3.493201	-0.071552
9477	0.133410	-3.491909	-0.071552
9484	0.129518	-3.490678	-0.071552
9494	0.125532	-3.489486	-0.071552
9502	0.118450	-3.487759	-0.071552
9514	0.114825	-3.486664	-0.071552
9520	0.110588	-3.485709	-0.067254
9530	0.106177	-3.484725	-0.067254
9539	0.099782	-3.483386	-0.067254
9547	0.094933	-3.482581	-0.067254
9556	0.089909	-3.481807	-0.067254
9568	0.085580	-3.481090	-0.067254
9574	0.080401	-3.479971	-0.062677
9585	0.078476	-3.479202	-0.059473
9593	0.077459	-3.478485	-0.059473
9601	0.077405	-3.477773	-0.059473
9610	0.079526	-3.476753	-0.059473
9616	0.080843	-3.476264	-0.055405
9629	0.084175	-3.475295	-0.055405
9638	0.087006	-3.474468	-0.055405
9648	0.089745	-3.473690	-0.055405
9655	0.094852	-3.472593	-0.055405
9665	0.098518	-3.471845	-0.055405
9674	0.102497	-3.471067	-0.050942
9683	0.107104	-3.470282	-0.050942
9695	0.114402	-3.468896	-0.047333
9701	0.119019	-3.468080	-0.047333
9710	0.122769	-3.467169	-0.047333
9719	0.126977	-3.466114	-0.044097
10503	-0.000033	-3.388510	0.022880
10512	0.000403	-3.388426	0.022880
10521	0.000916	-3.388385	0.025984
10531	0.002060	-3.388284	0.025984
10539	0.003550	-3.388219	0.025984
10548	0.004858	-3.388180	0.025984
10558	0.005920	-3.388130	0.025984
10571	0.008502	-3.388062	0.029244
10584	0.010667	-3.388013	0.029244
10593	0.010273	-3.387899	0.029244
10602	0.009028	-3.387787	0.029244
10611	0.008558	-3.387728	0.029244
10621	0.008576	-3.387732	0.032434
10630	0.007668	-3.387739	0.032434
10639	0.007297	-3.387573	0.032434
10648	0.006660	-3.387486	0.032434
10657	0.004522	-3.387355	0.032434
10665	0.002063	-3.387278	0.032434
10674	-0.001160	-3.387212	0.035553
10684	-0.003914	-3.387192	0.035553
10692	-0.007504	-3.387221	0.035553
10702	-0.010685	-3.387181	0.035553
10710	-0.014324	-3.387219	0.035553
10720	-0.018463	-3.387317	0.041649
10729	-0.021328	-3.387416	0.041649
10737	-0.025446	-3.387590	0.041649
10749	-0.028817	-3.387766	0.041649
10755	-0.033121	-3.388117	0.041649
10768	-0.035972	-3.388346	0.041649
10774	-0.039627	-3.388566	0.048086
10782	-0.043445	-3.388827	0.048086
10794	-0.045038	-3.389328	0.048086
10801	-0.046248	-3.389658	0.048086
10810	-0.047998	-3.390084	0.048086
10819	-0.050749	-3.390479	0.048086
10828	-0.052353	-3.391056	0.055069
10837	-0.053432	-3.391461	0.055069
10845	-0.054895	-3.391908	0.055069
10855	-0.055772	-3.392341	0.055069
10864	-0.056497	-3.392814	0.055069
10873	-0.058069	-3.393456	0.062146
10882	-0.057514	-3.393890	0.062146
10890	-0.056334	-3.394304	0.062146
10903	-0.054620	-3.394783	0.068238
10909	-0.050373	-3.395457	0.068238
10918	-0.048112	-3.395922	0.068238
10927	-0.046709	-3.396330	0.073788
10936	-0.045007	-3.396726	0.073788
10945	-0.044205	-3.397376	0.073788
10954	-0.044252	-3.397801	0.073788
10962	-0.044020	-3.398242	0.073788
10972	-0.043494	-3.398661	0.079187
10982	-0.041861	-3.399337	0.079187
10991	-0.041854	-3.399764	0.079187
10999	-0.042354	-3.400209	0.079187
11013	-0.042892	-3.400643	0.079187
11019	-0.043886	-3.401259	0.079187
11026	-0.046184	-3.401688	0.084265
11035	-0.048418	-3.402135	0.084265
11044	-0.051031	-3.402539	0.084265
11053	-0.054248	-3.402961	0.084265
11063	-0.059443	-3.403717	0.084265
11071	-0.063251	-3.404232	0.089185
11080	-0.066925	-3.404810	0.089185
11090	-0.070649	-3.405412	0.089185
11098	-0.077041	-3.406387	0.089185
11109	-0.082046	-3.407053	0.089185
11121	-0.086002	-3.407739	0.094078
11127	-0.088772	-3.408460	0.094078
11134	-0.094728	-3.409741	0.094078
11146	-0.099623	-3.410549	0.094078
11153	-0.103341	-3.411374	0.094078
11161	-0.106036	-3.412227	0.094078
11171	-0.110066	-3.413473	0.098795
11179	-0.113692	-3.414332	0.098795
11190	-0.117134	-3.415412	0.098795
11199	-0.119788	-3.416355	0.098795
11207	-0.122635	-3.417318	0.098795
11215	-0.125925	-3.418783	0.098795
11225	-0.127633	-3.419711	0.103344
11234	-0.128824	-3.420681	0.103933
11242	-0.129726	-3.421716	0.103933
11248	-0.131230	-3.422450	0.103933
11260	-0.136717	-3.424524	0.103933
11266	-0.138946	-3.425589	0.104198
11279	-0.140231	-3.426650	0.104198
11287	-0.143366	-3.428297	0.104198
11296	-0.144825	-3.429428	0.104198
11307	-0.145861	-3.430570	0.104198
11314	-0.147303	-3.431942	0.104198
11323	-0.148157	-3.433631	0.105341
11332	-0.148759	-3.434792	0.105341
11345	-0.149970	-3.435910	0.106036
11350	-0.151016	-3.437056	0.106036
11361	-0.151465	-3.438817	0.106036
11370	-0.152127	-3.439983	0.106524
11378	-0.152514	-3.441339	0.106524
11387	-0.152423	-3.442490	0.106524
11397	-0.152322	-3.443567	0.106524
11404	-0.150936	-3.445226	0.106524
11414	-0.149477	-3.446345	0.106524
11423	-0.147962	-3.447447	0.106978
11432	-0.145940	-3.448567	0.106978
11441	-0.142769	-3.450347	0.106978
11453	-0.140017	-3.451418	0.106978
11460	-0.136285	-3.452405	0.106978
11468	-0.132629	-3.453399	0.106978
11476	-0.127939	-3.454865	0.107435
11488	-0.123528	-3.455767	0.107435
11495	-0.119341	-3.456668	0.107435
11504	-0.113818	-3.457610	0.107435
11512	-0.106329	-3.458784	0.107435
11524	-0.102157	-3.459484	0.107762
11531	-0.097803	-3.460192	0.107762
11536	-0.093571	-3.460830	0.107762
11549	-0.086126	-3.461849	0.107762
11563	-0.080967	-3.462336	0.107762
11569	-0.075535	-3.462856	0.108084
11576	-0.071328	-3.463361	0.108084
11584	-0.067190	-3.463896	0.108084
11596	-0.061044	-3.464612	0.108084
11604	-0.057669	-3.465034	0.108084
11612	-0.055002	-3.465448	0.108084
11621	-0.051825	-3.465788	0.108414
11631	-0.048415	-3.466396	0.108414
11639	-0.046916	-3.466797	0.108414
11649	-0.046103	-3.467174	0.108414
11658	-0.045531	-3.467563	0.108414
11666	-0.044245	-3.468144	0.108414
11672	-0.044061	-3.468335	0.113254
11681	-0.044894	-3.468507	0.113254
11693	-0.046440	-3.469401	0.113254
11702	-0.048581	-3.470004	0.113254
11711	-0.052187	-3.470459	0.113254
11721	-0.055476	-3.470891	0.115400
11730	-0.058381	-3.471394	0.115400
11738	-0.064382	-3.472257	0.115400
11744	-0.068848	-3.472840	0.115400
11757	-0.074513	-3.473558	0.115400
11765	-0.078975	-3.474248	0.115400
11775	-0.083086	-3.474908	0.118227
11784	-0.090687	-3.476022	0.118227
11793	-0.096118	-3.476772	0.118227
11801	-0.102093	-3.477592	0.118227
11810	-0.107408	-3.478479	0.118227
11820	-0.117054	-3.480007	0.121177
11829	-0.121754	-3.480977	0.121177
11839	-0.126720	-3.481979	0.121177
11850	-0.131136	-3.483030	0.121177
11855	-0.138699	-3.484699	0.121177
11869	-0.144496	-3.485785	0.121177
11875	-0.151056	-3.487150	0.124000
11884	-0.155582	-3.488335	0.124000
11897	-0.161833	-3.490198	0.125259
11911	-0.170926	-3.492674	0.125259
11919	-0.174328	-3.494054	0.125259
11928	-0.179028	-3.496143	0.126230
11937	-0.182882	-3.497754	0.126230
11946	-0.185375	-3.499177	0.126230
11955	-0.186198	-3.500575	0.126230
11964	-0.186992	-3.502008	0.126230
11973	-0.187967	-3.504149	0.127093
11982	-0.188531	-3.505601	0.127093
11991	-0.188158	-3.506986	0.127093
12004	-0.186619	-3.508628	0.127093
12010	-0.185730	-3.510658	0.127093
12018	-0.184787	-3.511991	0.127093
12028	-0.182983	-3.513276	0.127775
12036	-0.179781	-3.514596	0.127775
12045	-0.175698	-3.516585	0.127775
12054	-0.172790	-3.517890	0.127775
12065	-0.168211	-3.519363	0.127775
12072	-0.164627	-3.520593	0.129339
12082	-0.158570	-3.522346	0.129339
12090	-0.155373	-3.523485	0.129339
12100	-0.152847	-3.524617	0.129339
12113	-0.149760	-3.525749	0.129034
12119	-0.145257	-3.527329	0.129034
12126	-0.142876	-3.528548	0.128392
12135	-0.141185	-3.529576	0.128392
12144	-0.139619	-3.530627	0.128392
12150	-0.137935	-3.531661	0.128392
12161	-0.135323	-3.533205	0.128392
12172	-0.133833	-3.534217	0.127695
12181	-0.132146	-3.535149	0.127695
12189	-0.131775	-3.536274	0.127695
12197	-0.132002	-3.537799	0.127695
12209	-0.132046	-3.538802	0.127695
12221	-0.132057	-3.539826	0.124290
12227	-0.132117	-3.540877	0.124290
12234	-0.132289	-3.542499	0.124290
12244	-0.132955	-3.543553	0.124290
12252	-0.134230	-3.544826	0.124290
12261	-0.135610	-3.545897	0.124290
12272	-0.136398	-3.547514	0.123798
12281	-0.138095	-3.548584	0.123798
12288	-0.139844	-3.549667	0.123798
12298	-0.141510	-3.550741	0.123798
12307	-0.144494	-3.552409	0.123798
12315	-0.147176	-3.553746	0.123798
12325	-0.150024	-3.554912	0.123414
12334	-0.153068	-3.556121	0.122479
12343	-0.155405	-3.557301	0.122479
12351	-0.157656	-3.559136	0.122479
12361	-0.159832	-3.560338	0.122479
12370	-0.161314	-3.561570	0.122479
12379	-0.162442	-3.563012	0.121463
12389	-0.164207	-3.564841	0.121463
12397	-0.165706	-3.566088	0.121463
12406	-0.166372	-3.567338	0.121463
12415	-0.166178	-3.568526	0.121463
12423	-0.166738	-3.570334	0.120417
12435	-0.167364	-3.571730	0.120417
12445	-0.168079	-3.572953	0.120515
12451	-0.167809	-3.574103	0.120515
12460	-0.167420	-3.575895	0.120515
12470	-0.167483	-3.577010	0.120515
12478	-0.167027	-3.578155	0.120702
12488	-0.166489	-3.579297	0.120702
12497	-0.163873	-3.581249	0.120702
12505	-0.162144	-3.582364	0.120702
12514	-0.160793	-3.583500	0.120702
12523	-0.159024	-3.584539	0.120826
12532	-0.157461	-3.585600	0.120826
12541	-0.155170	-3.587277	0.120826
12555	-0.154348	-3.588353	0.120826
12560	-0.153110	-3.589463	0.120826
12569	-0.152394	-3.590772	0.120826
12578	-0.150344	-3.592400	0.121627
12586	-0.149206	-3.593487	0.121627
12596	-0.148791	-3.594582	0.121627
12604	-0.147381	-3.595706	0.121627
12613	-0.146258	-3.597344	0.121627
12622	-0.145976	-3.598438	0.122650
12632	-0.145873	-3.599662	0.122650
12640	-0.144915	-3.600745	0.122650
12649	-0.143342	-3.602463	0.122650
12664	-0.144456	-3.604772	0.120790
12676	-0.144105	-3.605949	0.118684
12685	-0.142723	-3.607911	0.118684
12694	-0.142747	-3.609091	0.118684
12700	-0.143066	-3.609843	0.118684
12713	-0.143203	-3.611521	0.118684
12722	-0.142415	-3.612789	0.117060
12732	-0.141279	-3.614590	0.117060
12740	-0.141371	-3.615789	0.117060
12749	-0.140817	-3.617235	0.117060
12757	-0.140078	-3.618460	0.117060
12772	-0.139953	-3.620315	0.111729
12785	-0.140330	-3.622815	0.111729
12793	-0.140025	-3.624089	0.111729
12803	-0.139845	-3.625923	0.111729
12811	-0.139641	-3.627377	0.111729
12821	-0.139921	-3.628576	0.109917
12830	-0.139574	-3.629777	0.109917
12839	-0.137882	-3.631608	0.109917
12848	-0.137106	-3.632837	0.109917
12857	-0.137171	-3.634027	0.109917
12866	-0.137385	-3.635238	0.109917
12876	-0.136291	-3.637175	0.105207
12893	-0.135507	-3.639509	0.105207
12902	-0.135078	-3.640561	0.105207
12911	-0.134829	-3.641627	0.105207
12921	-0.133219	-3.643230	0.102174
12930	-0.132392	-3.644281	0.102174
12938	-0.130638	-3.645477	0.102174
12947	-0.129302	-3.646519	0.102174
12955	-0.128055	-3.648083	0.102174
12967	-0.127872	-3.649053	0.102174
12974	-0.126733	-3.650055	0.099167
12984	-0.125380	-3.650980	0.099167
12994	-0.125353	-3.652551	0.099167
13001	-0.125314	-3.653480	0.099167
13013	-0.125270	-3.654451	0.099167
13020	-0.125377	-3.655384	0.099167
13028	-0.126544	-3.656860	0.098958
13038	-0.127010	-3.657770	0.098958
13047	-0.127396	-3.658642	0.098958
13055	-0.128605	-3.659720	0.098958
13060	-0.128667	-3.660242	0.098958
13075	-0.132350	-3.662065	0.098928
13082	-0.134503	-3.663033	0.098928
13092	-0.136804	-3.663966	0.098928
13104	-0.139604	-3.664871	0.096642
13111	-0.142824	-3.666363	0.096642
13118	-0.145499	-3.667361	0.096642
13128	-0.148178	-3.668572	0.095140
13137	-0.151121	-3.669613	0.095140
13147	-0.155899	-3.671256	0.095140
13155	-0.158227	-3.672281	0.095140
13163	-0.160887	-3.673348	0.095140
13172	-0.162584	-3.674500	0.093886
13181	-0.165359	-3.676203	0.093886
13191	-0.167191	-3.677577	0.093886
13200	-0.168661	-3.678728	0.093886
13214	-0.169801	-3.679882	0.093886
13227	-0.171247	-3.682829	0.092572
13236	-0.172024	-3.683995	0.092572
13245	-0.171015	-3.685155	0.092572
13254	-0.168764	-3.686519	0.092572
13263	-0.167503	-3.688204	0.092572
13272	-0.166382	-3.689332	0.091207
13280	-0.163957	-3.690476	0.091207
13290	-0.161090	-3.691596	0.091207
13299	-0.158820	-3.693461	0.091207
13309	-0.155924	-3.694531	0.091207
13322	-0.152897	-3.695583	0.091064
13328	-0.150009	-3.696652	0.091064
13334	-0.145886	-3.698242	0.091064
13346	-0.143711	-3.699271	0.091064
13354	-0.141660	-3.700301	0.091064
13363	-0.139732	-3.701343	0.091064
13372	-0.134856	-3.702994	0.090890
13380	-0.132426	-3.703945	0.090890
13389	-0.131505	-3.704944	0.090890
13398	-0.129846	-3.705931	0.090890
13408	-0.128549	-3.707462	0.090890
13417	-0.127993	-3.708419	0.090890
13425	-0.127947	-3.709361	0.090632
13434	-0.128763	-3.710528	0.090632
13443	-0.129745	-3.711561	0.090632
13453	-0.132832	-3.713188	0.090632
13461	-0.135276	-3.714304	0.090632
13466	-0.137007	-3.714945	0.090632
13479	-0.142665	-3.716568	0.090269
13489	-0.149224	-3.718392	0.090269
13497	-0.154316	-3.719883	0.090269
13506	-0.159848	-3.721157	0.090269
13515	-0.165185	-3.722506	0.090269
13526	-0.172746	-3.724542	0.089791
13533	-0.177915	-3.725956	0.089791
13545	-0.182732	-3.727324	0.087298
