1	50	ASO_LQR_K1	-0.1287534575	9
1	50	ASO_LQR_K2	-0.3304608931	9
1	50	ASO_LQR_K3	0.2187411128	9
1	50	ASO_MPC_H1	20.0000000000	9
1	50	ASO_MPC_H2	1.0000000000	9
1	50	ASO_MPC_H3	3.0000000000	9
1	50	ASO_MPC_H4	1.0000000000	9
1	50	ASO_MPC_HF22	20.1636186908	9
1	50	ASO_MPC_HF23	43.8486650108	9
1	50	ASO_MPC_HF24	-2.5750691509	9
1	50	ASO_MPC_HF32	43.8486650108	9
1	50	ASO_MPC_HF33	300.1690530855	9
1	50	ASO_MPC_HF34	-6.6092178625	9
1	50	ASO_MPC_HF42	-2.5750691509	9
1	50	ASO_MPC_HF43	-6.6092178625	9
1	50	ASO_MPC_HF44	5.3748222568	9
1	50	ASO_MPC_LB1	-0.0361636364	9
1	50	ASO_MPC_LB2	-1.0000000000	9
1	50	ASO_MPC_UB1	0.0361636364	9
1	50	ASO_MPC_UB2	1.0000000000	9
1	50	ASO_DLT_YR_D	10.0000000000	9
1	50	ASO_DLT_Y_D	10.0000000000	9
1	50	ASO_DLT_RD_CM	0.1000000000	9
1	50	ASO_SPL_LQR_US	10045	6
1	50	ASO_SPL_MPC_US	10045	6
1	50	ASO_MPC_A11	0.9663800510	9
1	50	ASO_MPC_A12	-0.0017980977	9
1	50	ASO_MPC_A21	0.0086705547	9
1	50	ASO_MPC_A22	0.9999220605	9
1	50	ASO_MPC_B1	-0.0354986049	9
1	50	ASO_MPC_B2	-0.0010013504	9
1	50	ASO_PRED_HOR	10	6
