TIMESTAMPms	M1ATTITUDEyawspeed	M1ATTITUDEyaw	asrud
0	-0.148133	1.045275	0.134593
9	-0.147784	1.043779	0.134593
18	-0.147295	1.042318	0.134123
27	-0.145972	1.040825	0.134123
36	-0.144086	1.038650	0.134123
50	-0.143352	1.037229	0.132493
55	-0.143331	1.035808	0.132493
63	-0.145035	1.034128	0.132493
72	-0.147673	1.032684	0.130877
82	-0.151372	1.030501	0.130877
90	-0.152587	1.029033	0.130877
99	-0.153073	1.027535	0.130877
110	-0.154757	1.026048	0.130877
118	-0.156539	1.023549	0.129252
126	-0.156896	1.022071	0.129252
144	-0.153808	1.019138	0.129252
158	-0.152108	1.016931	0.129252
164	-0.152404	1.015479	0.129252
171	-0.151569	1.014001	0.127701
181	-0.151167	1.012295	0.127701
190	-0.152424	1.010107	0.127701
198	-0.153400	1.008637	0.127701
207	-0.155261	1.007156	0.127701
217	-0.157210	1.005658	0.126738
225	-0.158307	1.003389	0.126738
235	-0.158725	1.001884	0.126738
243	-0.159309	1.000122	0.126738
253	-0.159024	0.998642	0.126738
262	-0.158635	0.997136	0.126738
270	-0.158650	0.994855	0.125236
280	-0.158836	0.993314	0.125236
288	-0.158967	0.991751	0.125236
298	-0.158894	0.990240	0.125236
307	-0.159075	0.987675	0.125236
316	-0.159758	0.986143	0.125236
324	-0.160514	0.984613	0.125082
334	-0.162166	0.983053	0.125082
343	-0.165677	0.980677	0.125082
352	-0.168052	0.979081	0.125082
361	-0.171818	0.977229	0.125082
370	-0.174608	0.975648	0.124949
381	-0.179454	0.973210	0.124744
388	-0.182642	0.971580	0.124744
397	-0.186060	0.969950	0.124744
406	-0.188403	0.968318	0.124744
416	-0.191107	0.965764	0.124744
424	-0.192708	0.964077	0.125336
432	-0.195123	0.962065	0.125336
441	-0.197840	0.960314	0.125336
453	-0.200573	0.958514	0.125336
460	-0.203119	0.955839	0.125336
470	-0.203641	0.954050	0.125974
479	-0.204162	0.952288	0.125974
491	-0.204924	0.950599	0.127079
497	-0.207697	0.947741	0.127079
505	-0.208816	0.946021	0.127079
514	-0.210048	0.944329	0.127079
523	-0.211148	0.942622	0.128109
533	-0.211887	0.940105	0.128109
541	-0.212605	0.938451	0.128109
553	-0.212595	0.936786	0.128109
559	-0.212750	0.934829	0.128109
568	-0.212459	0.932343	0.129145
578	-0.211562	0.930683	0.129145
586	-0.209963	0.929040	0.129145
600	-0.208964	0.927421	0.130019
618	-0.207286	0.922893	0.130901
624	-0.205146	0.921842	0.436413
632	-0.199920	0.919549	0.436413
641	-0.196697	0.918042	0.436413
659	-0.191825	0.915306	0.445850
667	-0.191678	0.913229	0.436834
677	-0.197901	0.911791	0.436834
686	-0.213633	0.909948	0.436834
695	-0.232530	0.908250	0.436834
708	-0.271995	0.905361	0.437044
714	-0.301401	0.903133	0.437044
722	-0.328014	0.900686	0.437281
732	-0.350152	0.898060	0.437281
742	-0.377271	0.893848	0.437281
749	-0.393688	0.890370	0.437281
759	-0.405242	0.887242	0.437501
777	-0.428074	0.879134	0.437501
787	-0.438190	0.875748	0.437501
796	-0.447694	0.872327	0.437501
804	-0.455891	0.868813	0.437501
822	-0.478281	0.859055	0.437873
831	-0.487287	0.855216	0.437873
839	-0.494578	0.851297	0.437873
849	-0.501832	0.847377	0.437873
857	-0.511731	0.841318	0.437873
885	-0.526704	0.828067	0.437906
894	-0.530452	0.821600	0.437915
902	-0.532968	0.817254	0.437915
914	-0.534116	0.812878	0.437915
922	-0.535928	0.808462	0.437904
930	-0.541606	0.800961	0.437718
939	-0.544609	0.796433	0.437718
948	-0.547287	0.791820	0.437718
957	-0.550171	0.787188	0.437718
965	-0.554065	0.780165	0.437718
974	-0.556815	0.775432	0.437513
984	-0.558722	0.770679	0.437513
993	-0.558732	0.765881	0.437513
1003	-0.557724	0.760274	0.437513
1011	-0.557688	0.753095	0.437513
1020	-0.559251	0.748261	0.437253
1028	-0.560648	0.743433	0.437253
1040	-0.562612	0.738582	0.437253
1046	-0.569494	0.731260	0.437253
1056	-0.576116	0.725460	0.437253
1065	-0.581423	0.720492	0.437253
1074	-0.586763	0.715428	0.437127
1083	-0.593703	0.707818	0.437127
1093	-0.598049	0.702679	0.437127
1101	-0.601554	0.697512	0.437127
1150	-0.618981	0.667817	0.436892
1156	-0.622308	0.659876	0.436892
1165	-0.624634	0.654537	0.436892
1172	-0.626459	0.649190	0.436527
1182	-0.627713	0.642994	0.436527
1191	-0.628275	0.637673	0.436527
1201	-0.628476	0.629744	0.436527
1209	-0.628151	0.624484	0.436527
1218	-0.626133	0.619220	0.435875
1227	-0.624019	0.613956	0.435875
1236	-0.622028	0.606155	0.435875
1245	-0.620250	0.600057	0.435875
1259	-0.618047	0.594964	0.435875
1265	-0.615518	0.589845	0.435875
1273	-0.609542	0.582252	0.435066
1281	-0.604149	0.577243	0.435066
1293	-0.597598	0.572292	0.435066
1299	-0.591160	0.567445	0.435066
1309	-0.579485	0.559535	0.435066
1318	-0.570353	0.554913	0.434037
1326	-0.560627	0.550374	0.434037
1344	-0.532369	0.539426	0.434037
1353	-0.520712	0.535226	0.434037
1363	-0.509309	0.531154	0.433215
1381	-0.488506	0.522675	0.431210
1389	-0.479128	0.517026	0.431210
1398	-0.473458	0.513308	0.431210
1408	-0.469451	0.509647	0.431210
1417	-0.467090	0.506033	0.431210
1426	-0.467080	0.500710	0.429780
1434	-0.468802	0.497131	0.429780
1444	-0.472672	0.493025	0.429780
1453	-0.476473	0.489465	0.429780
1461	-0.482687	0.484099	0.429780
1472	-0.488132	0.480483	0.428274
1481	-0.493799	0.476806	0.426657
1489	-0.499363	0.473057	0.426657
1497	-0.506979	0.466723	0.426657
1507	-0.510826	0.462876	0.426657
1516	-0.514516	0.458982	0.426657
1524	-0.519288	0.455040	0.425073
1534	-0.528367	0.449052	0.425073
1543	-0.536501	0.444945	0.425073
1552	-0.546780	0.440800	0.425073
1560	-0.560021	0.435833	0.425073
1570	-0.570407	0.431513	0.423486
1615	-0.622790	0.403544	0.423486
1624	-0.627829	0.397768	0.421925
1632	-0.629645	0.392811	0.421925
1644	-0.631095	0.387768	0.421925
1652	-0.635060	0.380190	0.421925
1660	-0.638854	0.375047	0.421925
1669	-0.642150	0.369880	0.420339
1678	-0.644185	0.364666	0.420339
1687	-0.646530	0.355935	0.420339
1701	-0.647892	0.350629	0.420339
1706	-0.647716	0.345308	0.420339
1714	-0.646713	0.340040	0.420339
1723	-0.645504	0.334787	0.418808
1733	-0.639965	0.326075	0.418808
1741	-0.637124	0.320873	0.418808
1751	-0.633969	0.315654	0.418808
1760	-0.629412	0.310479	0.418808
1768	-0.617631	0.302773	0.417519
1778	-0.609270	0.297705	0.417519
1786	-0.601652	0.292747	0.417519
1795	-0.593507	0.287805	0.417519
1813	-0.573943	0.274922	0.415387
1822	-0.567774	0.270169	0.413308
1831	-0.560908	0.265534	0.413308
1840	-0.548371	0.258699	0.413308
1849	-0.539702	0.254241	0.413308
1858	-0.530998	0.249853	0.413308
1867	-0.522365	0.245505	0.413308
1877	-0.509248	0.238526	0.411202
1885	-0.502042	0.234364	0.411202
1895	-0.495089	0.230289	0.411202
1903	-0.487615	0.226258	0.411202
1921	-0.464178	0.215909	0.409077
1930	-0.457198	0.212122	0.409077
1940	-0.451621	0.208382	0.409077
1949	-0.446938	0.204691	0.409077
1958	-0.441388	0.199291	0.409077
1966	-0.440476	0.195673	0.409077
1976	-0.440355	0.192086	0.406839
1984	-0.439627	0.188503	0.406839
1994	-0.439296	0.182660	0.406839
2002	-0.440966	0.179089	0.406839
2012	-0.441795	0.175567	0.406839
2021	-0.441979	0.172024	0.404491
2031	-0.441962	0.166690	0.400301
2038	-0.442972	0.163096	0.397885
2092	-0.465742	0.138539	0.396190
2111	-0.474796	0.128983	0.396190
2120	-0.479181	0.125171	0.392099
2129	-0.482467	0.120660	0.392099
2141	-0.484977	0.116834	0.392099
2147	-0.490696	0.110955	0.392099
2156	-0.494854	0.107012	0.392099
2170	-0.499543	0.103037	0.388120
2182	-0.511321	0.092802	0.388120
2192	-0.519129	0.087908	0.388120
2201	-0.524682	0.083625	0.388120
2210	-0.528171	0.079288	0.388120
2220	-0.535995	0.072827	0.384836
2229	-0.543423	0.068442	0.384836
2237	-0.550510	0.063958	0.384836
2255	-0.561988	0.052053	0.384836
2263	-0.566980	0.047503	0.384836
2273	-0.571128	0.042945	0.381398
2282	-0.574878	0.038323	0.378959
2318	-0.570838	0.016618	0.377849
2327	-0.567834	0.011961	0.377849
2336	-0.566137	0.005107	0.377849
2345	-0.565428	0.000458	0.377849
2358	-0.564714	-0.004141	0.377849
2365	-0.565101	-0.008746	0.377849
2372	-0.564170	-0.016386	0.374258
2383	-0.561482	-0.021015	0.374258
2391	-0.558175	-0.025571	0.374258
2400	-0.556909	-0.030124	0.374258
2408	-0.552068	-0.036771	0.374258
2417	-0.547616	-0.041208	0.370527
2427	-0.542627	-0.045641	0.370527
2436	-0.538062	-0.050072	0.370527
2444	-0.528474	-0.057315	0.370527
2454	-0.522594	-0.061670	0.370527
2475	-0.512972	-0.070361	0.362782
2482	-0.508997	-0.074684	0.362782
2490	-0.501270	-0.080972	0.362782
2499	-0.492011	-0.085197	0.362782
2507	-0.477135	-0.089969	0.362782
2518	-0.471889	-0.094010	0.359913
2526	-0.470491	-0.099916	0.359913
2535	-0.462517	-0.103882	0.360097
2553	-0.448070	-0.111623	0.359913
2561	-0.438313	-0.117837	0.359913
2570	-0.430032	-0.121561	0.358082
2582	-0.424506	-0.125266	0.354719
2589	-0.424027	-0.128966	0.353700
2598	-0.422641	-0.134402	0.353700
2607	-0.417519	-0.138105	0.353700
2615	-0.412465	-0.141758	0.353700
2624	-0.410342	-0.145898	0.350478
2630	-0.411447	-0.149525	0.350478
2644	-0.409663	-0.154787	0.350478
2652	-0.408284	-0.158376	0.350478
2661	-0.407707	-0.161928	0.350478
2669	-0.411359	-0.165489	0.347262
2678	-0.415951	-0.170789	0.347262
2692	-0.417286	-0.174394	0.343921
2778	-0.481524	-0.218340	0.317274
2922	-0.512219	-0.294853	0.291980
3067	-0.349575	-0.359223	0.284250
3202	-0.294645	-0.406363	0.287007
3350	-0.335401	-0.461968	0.294283
3490	-0.369960	-0.520058	0.298715
3500	-0.372123	-0.523345	0.298715
3509	-0.373395	-0.528583	0.298715
3517	-0.374715	-0.531872	0.298715
3526	-0.375557	-0.535145	0.296267
3535	-0.376246	-0.538417	0.296267
3545	-0.376969	-0.541684	0.296267
3552	-0.378300	-0.546414	0.296267
3563	-0.379341	-0.549676	0.296267
3571	-0.379189	-0.553434	0.290268
3581	-0.378606	-0.556677	0.290268
3589	-0.375637	-0.561341	0.290268
3599	-0.373810	-0.564551	0.290268
3607	-0.371273	-0.567750	0.290268
3616	-0.368394	-0.570909	0.290268
3625	-0.362694	-0.575442	0.287305
3635	-0.358232	-0.579017	0.287305
3644	-0.353874	-0.582050	0.287305
3654	-0.348829	-0.585088	0.287305
3661	-0.341502	-0.589434	0.287305
3671	-0.335919	-0.592390	0.284483
3683	-0.329666	-0.595339	0.284483
3689	-0.323087	-0.598257	0.284483
3697	-0.312997	-0.602792	0.284483
3707	-0.306621	-0.605628	0.284483
3716	-0.301003	-0.608431	0.284483
3724	-0.295756	-0.611212	0.281471
3734	-0.289927	-0.613998	0.280760
3743	-0.282463	-0.617904	0.281471
3752	-0.277535	-0.621016	0.281471
3762	-0.273578	-0.623705	0.281471
3769	-0.270314	-0.626392	0.278349
3779	-0.266838	-0.630260	0.278349
3791	-0.264930	-0.632950	0.274531
3797	-0.262870	-0.635646	0.274531
3806	-0.261220	-0.638334	0.274531
3816	-0.260330	-0.642623	0.274531
3823	-0.259456	-0.645353	0.270804
3835	-0.259377	-0.648112	0.270804
3842	-0.258234	-0.650868	0.270804
3851	-0.256494	-0.654832	0.270804
3861	-0.255802	-0.657610	0.270804
3869	-0.255205	-0.660375	0.267112
3877	-0.255009	-0.663184	0.267112
3887	-0.257410	-0.667646	0.267112
3900	-0.258850	-0.670494	0.262319
3906	-0.260852	-0.673387	0.262319
3914	-0.263617	-0.676280	0.262319
3923	-0.267420	-0.679223	0.258670
3931	-0.273361	-0.683507	0.258670
3941	-0.278876	-0.686549	0.258670
3950	-0.284740	-0.690075	0.258670
3959	-0.289873	-0.693208	0.258670
3968	-0.297378	-0.697766	0.258670
3979	-0.302170	-0.700977	0.254788
3987	-0.306226	-0.704241	0.253355
4003	-0.316564	-0.712763	0.254788
4013	-0.319390	-0.716086	0.254788
4022	-0.321771	-0.719403	0.250768
4032	-0.323164	-0.722738	0.250768
4041	-0.325711	-0.727534	0.250768
4049	-0.328284	-0.730892	0.250768
4058	-0.330194	-0.734211	0.250768
4067	-0.331919	-0.737546	0.250768
4076	-0.333874	-0.742797	0.246641
4085	-0.333489	-0.746104	0.246641
4095	-0.333287	-0.749378	0.246641
4103	-0.332268	-0.752637	0.246641
4113	-0.330084	-0.755877	0.242308
4130	-0.322770	-0.763628	0.242308
4140	-0.320728	-0.767218	0.242308
4148	-0.319497	-0.770309	0.242308
4158	-0.317244	-0.774745	0.242308
4167	-0.315515	-0.777843	0.242308
4175	-0.313436	-0.780879	0.237866
4184	-0.310733	-0.783906	0.237866
4194	-0.305121	-0.788210	0.237866
4203	-0.300529	-0.791614	0.237866
4211	-0.297065	-0.794540	0.237866
4221	-0.293048	-0.797468	0.233907
4231	-0.285994	-0.801557	0.233907
4239	-0.281470	-0.804401	0.233907
4248	-0.277030	-0.807219	0.233907
4257	-0.272984	-0.810389	0.235243
4267	-0.267650	-0.814287	0.233907
4275	-0.263631	-0.817019	0.229435
4284	-0.260703	-0.819711	0.229435
4293	-0.258927	-0.822395	0.229435
4302	-0.258567	-0.825094	0.229435
4311	-0.255881	-0.829289	0.229435
4320	-0.253879	-0.831954	0.224662
4329	-0.253414	-0.834630	0.224662
4341	-0.251636	-0.837266	0.216795
4347	-0.248617	-0.841031	0.216795
4356	-0.246661	-0.843711	0.216795
4365	-0.245145	-0.846393	0.216795
4374	-0.243743	-0.849029	0.208793
4383	-0.238199	-0.853148	0.208793
4392	-0.234881	-0.855728	0.208793
4402	-0.232344	-0.858337	0.208793
4410	-0.228500	-0.860936	0.208793
4420	-0.223318	-0.864554	0.200720
4428	-0.220931	-0.867130	0.200720
4437	-0.219102	-0.869667	0.200720
4451	-0.216983	-0.872573	0.200720
4464	-0.217850	-0.878699	0.200720
4473	-0.216986	-0.881292	0.192558
4482	-0.215978	-0.883875	0.192558
4491	-0.215043	-0.886444	0.192558
4501	-0.214362	-0.890118	0.192558
4509	-0.214361	-0.892697	0.192558
4517	-0.213142	-0.895649	0.192558
4529	-0.210545	-0.898253	0.184335
4536	-0.207722	-0.901877	0.184335
4547	-0.207072	-0.904457	0.184335
4560	-0.207296	-0.909599	0.184335
4568	-0.206277	-0.913564	0.176029
4583	-0.205286	-0.916125	0.176029
4591	-0.204081	-0.918685	0.176029
4599	-0.203664	-0.921212	0.176029
4608	-0.201705	-0.924757	0.176029
4617	-0.203201	-0.927247	0.176029
4626	-0.205838	-0.929738	0.167666
4638	-0.209440	-0.932601	0.167666
4645	-0.213222	-0.935130	0.167666
4653	-0.220426	-0.938675	0.167666
4663	-0.225330	-0.941240	0.167666
4671	-0.229507	-0.943794	0.145224
4680	-0.234794	-0.946381	0.145224
4698	-0.248577	-0.953098	0.145224
4708	-0.253276	-0.955781	0.145224
4717	-0.257262	-0.958460	0.145224
4725	-0.259375	-0.962218	0.142257
4753	-0.266547	-0.970167	0.134393
4762	-0.273643	-0.974325	0.134393
4771	-0.278921	-0.977012	0.128542
4781	-0.283411	-0.979674	0.128542
4788	-0.287585	-0.982351	0.128542
4797	-0.294614	-0.986131	0.128542
4807	-0.298216	-0.988852	0.128542
4816	-0.300792	-0.991570	0.128542
4825	-0.302354	-0.994617	0.122433
4834	-0.302250	-0.997312	0.122433
4842	-0.300901	-1.001031	0.122433
4852	-0.299367	-1.003627	0.122433
4861	-0.297842	-1.006237	0.122433
4870	-0.295066	-1.008770	0.116145
4880	-0.288866	-1.012316	0.116145
4892	-0.283629	-1.015121	0.108033
4898	-0.278259	-1.017508	0.108033
4906	-0.271785	-1.019859	0.108033
4915	-0.259866	-1.023077	0.108033
4924	-0.251054	-1.025311	0.100008
4933	-0.243617	-1.027453	0.100008
4942	-0.236318	-1.029575	0.100008
4950	-0.224111	-1.032620	0.100008
4978	-0.199240	-1.038382	0.092199
4987	-0.187299	-1.040859	0.092199
5001	-0.179909	-1.042627	0.084403
5010	-0.170881	-1.044500	0.084851
5016	-0.163332	-1.046133	0.084403
5023	-0.154605	-1.047764	0.080429
5033	-0.141113	-1.049869	0.080429
5042	-0.133691	-1.051342	0.080429
5050	-0.126089	-1.052839	0.080429
5059	-0.119009	-1.054252	0.080429
5067	-0.108686	-1.056084	0.080429
5086	-0.095265	-1.058941	0.076232
5096	-0.088835	-1.060284	0.076232
5109	-0.081275	-1.062011	0.076232
5114	-0.075948	-1.063275	0.076232
5122	-0.070970	-1.064547	0.071978
5132	-0.067496	-1.065838	0.071978
5141	-0.061138	-1.067625	0.071978
5149	-0.057703	-1.068857	0.071978
5158	-0.053305	-1.070119	0.071978
5168	-0.048927	-1.071327	0.071978
5176	-0.044070	-1.072877	0.067736
5186	-0.040696	-1.074108	0.067736
5195	-0.035541	-1.075312	0.067736
5204	-0.028220	-1.076546	0.067736
5222	-0.018898	-1.079050	0.063422
5231	-0.015084	-1.080087	0.063422
5241	-0.012157	-1.081154	0.063422
5250	-0.009275	-1.082199	0.063422
5260	-0.004583	-1.083543	0.063422
5266	-0.002850	-1.084488	0.063422
5275	-0.000888	-1.085402	0.059154
5285	0.000359	-1.086334	0.059154
5293	0.000818	-1.087414	0.059154
5303	-0.000270	-1.088318	0.059154
5313	-0.002551	-1.089222	0.059154
5321	-0.005550	-1.090092	0.056837
5331	-0.011290	-1.091233	0.054294
5339	-0.014174	-1.092152	0.054294
5347	-0.017005	-1.093028	0.054294
5357	-0.020552	-1.093944	0.054294
5366	-0.026565	-1.095026	0.054294
5375	-0.031118	-1.095969	0.051786
5383	-0.036525	-1.096869	0.051786
5392	-0.042139	-1.097854	0.051786
5404	-0.047503	-1.098835	0.051786
5410	-0.057310	-1.100026	0.051786
5420	-0.062174	-1.101052	0.049311
5429	-0.067514	-1.102097	0.049311
5442	-0.072814	-1.103109	0.050691
5465	-0.090689	-1.106646	0.049311
5474	-0.094816	-1.107743	0.046657
5483	-0.100169	-1.109061	0.046657
5492	-0.102170	-1.110133	0.046657
5501	-0.103602	-1.111130	0.046657
5510	-0.105042	-1.112154	0.046657
5519	-0.105378	-1.113411	0.043944
5528	-0.104903	-1.114372	0.043944
5538	-0.104220	-1.115305	0.043944
5551	-0.103357	-1.116147	0.039882
5557	-0.100622	-1.117135	0.039882
5564	-0.098623	-1.117968	0.039882
5573	-0.096018	-1.118707	0.035965
5583	-0.093338	-1.119525	0.035965
5591	-0.090478	-1.120206	0.035965
5601	-0.086268	-1.121009	0.035965
5609	-0.082601	-1.121631	0.035965
5618	-0.078486	-1.122227	0.035965
5628	-0.073721	-1.122862	0.032231
5636	-0.065381	-1.123420	0.032231
5645	-0.059852	-1.123981	0.032231
5663	-0.050550	-1.124977	0.028770
5672	-0.045349	-1.125432	0.025566
5683	-0.041042	-1.125961	0.024473
5717	-0.019287	-1.127894	0.025566
5726	-0.015691	-1.128342	0.022511
5736	-0.012012	-1.128857	0.022511
5744	-0.006368	-1.129318	0.022511
5754	-0.003177	-1.129864	0.022511
5763	-0.000262	-1.130419	0.022511
5771	0.003531	-1.130952	0.015432
5780	0.007215	-1.131501	0.015432
5790	0.012391	-1.132179	0.015432
5798	0.015738	-1.132774	0.015432
5808	0.019151	-1.133439	0.015432
5817	0.023420	-1.134110	0.015432
5825	0.031076	-1.134803	0.012070
5837	0.036696	-1.135398	0.012070
5845	0.041784	-1.136054	0.012070
5852	0.046299	-1.136646	0.012070
5863	0.051428	-1.137375	0.012070
5871	0.053539	-1.138046	0.008778
5882	0.055432	-1.138649	0.006644
5889	0.057029	-1.139271	0.006644
5899	0.059259	-1.140049	0.006644
5906	0.059693	-1.140664	0.006332
5934	0.054853	-1.142829	0.004438
5943	0.052658	-1.143512	0.004438
5952	0.049877	-1.144323	0.004438
5961	0.046796	-1.145038	0.004438
5970	0.044082	-1.145839	0.002222
5978	0.039599	-1.146720	0.002222
5992	0.034863	-1.147556	-0.000761
5998	0.030428	-1.148340	-0.000761
6006	0.025278	-1.149140	-0.000761
6015	0.017034	-1.150281	-0.000761
6024	0.012306	-1.151197	-0.003774
6033	0.008019	-1.152036	-0.003774
6042	0.005175	-1.152954	-0.003774
6051	0.000250	-1.153958	-0.003774
6061	-0.003038	-1.154773	-0.003774
6069	-0.005383	-1.155658	-0.006745
6078	-0.010099	-1.156490	-0.006745
6087	-0.014680	-1.157485	-0.006745
6100	-0.016736	-1.158229	-0.006745
6107	-0.019287	-1.159036	-0.006745
6115	-0.021572	-1.159739	-0.006745
6123	-0.024361	-1.160522	-0.009154
6132	-0.024510	-1.161175	-0.009154
6142	-0.024924	-1.161904	-0.009154
6151	-0.025143	-1.162471	-0.009507
6195	-0.022086	-1.164888	-0.011741
6209	-0.020440	-1.165180	-0.011741
6215	-0.020070	-1.165588	-0.011741
6223	-0.019622	-1.165890	-0.014467
6232	-0.019399	-1.166259	-0.014467
6241	-0.018440	-1.166516	-0.014467
6250	-0.017329	-1.166728	-0.014467
6258	-0.016593	-1.166980	-0.014467
6267	-0.014845	-1.167210	-0.014467
6278	-0.013887	-1.167525	-0.017198
6285	-0.012073	-1.167594	-0.017198
6295	-0.011082	-1.167884	-0.017198
6304	-0.008980	-1.168148	-0.017198
6312	-0.006195	-1.168295	-0.017198
6321	-0.000722	-1.168169	-0.019848
6335	0.002274	-1.168335	-0.019848
6351	0.008263	-1.168542	-0.019848
6358	0.013139	-1.168377	-0.019848
6367	0.015597	-1.168459	-0.019848
6376	0.018068	-1.168442	-0.022599
6384	0.020144	-1.168433	-0.024507
6421	0.038827	-1.168062	-0.025395
6432	0.045745	-1.167688	-0.025395
6439	0.049210	-1.167485	-0.025395
6444	0.053122	-1.167341	-0.025395
6457	0.057327	-1.166960	-0.025395
6467	0.061892	-1.166410	-0.025395
6475	0.065378	-1.166210	-0.028069
6484	0.069212	-1.165893	-0.028069
6493	0.072434	-1.165533	-0.028069
6502	0.075397	-1.165152	-0.028069
6511	0.079535	-1.164425	-0.028069
6520	0.081158	-1.163960	-0.030903
6529	0.081767	-1.163562	-0.030903
6542	0.083161	-1.163279	-0.037663
6556	0.086163	-1.162099	-0.037663
6565	0.087017	-1.161804	-0.037663
6574	0.087531	-1.161408	-0.044173
6584	0.091192	-1.160516	-0.044173
6593	0.093841	-1.160199	-0.044173
6602	0.096606	-1.159762	-0.044173
6610	0.100532	-1.159280	-0.044173
6619	0.107666	-1.158304	-0.044173
6629	0.112885	-1.157842	-0.050493
6701	0.141695	-1.151645	-0.086150
6989	0.182344	-1.118291	-0.112040
7403	0.263503	-1.034816	-0.136613
7414	0.264069	-1.032843	-0.142464
7423	0.264299	-1.029806	-0.146659
7431	0.264632	-1.027802	-0.146659
7440	0.263179	-1.025928	-0.146659
7449	0.261503	-1.024000	-0.146659
7458	0.259987	-1.020670	-0.146659
7467	0.260953	-1.018790	-0.146659
7475	0.262724	-1.016927	-0.148694
7485	0.265201	-1.015074	-0.148694
7493	0.268758	-1.012138	-0.148694
7503	0.270990	-1.010225	-0.148694
7512	0.273010	-1.008414	-0.148694
7521	0.276055	-1.006075	-0.148694
7532	0.280320	-1.003063	-0.152968
7539	0.283944	-1.001081	-0.152968
7548	0.287680	-0.999238	-0.152968
7557	0.292066	-0.997268	-0.152968
7566	0.299296	-0.994205	-0.153236
7611	0.322603	-0.982514	-0.155219
7620	0.324832	-0.980489	-0.155219
7630	0.326379	-0.978323	-0.157392
7642	0.327967	-0.976259	-0.158004
7652	0.332168	-0.972340	-0.158004
7658	0.335212	-0.970148	-0.158004
7665	0.337858	-0.968048	-0.158004
7675	0.340601	-0.965921	-0.158525
7684	0.344523	-0.962341	-0.158525
7692	0.347051	-0.960200	-0.158525
7701	0.348928	-0.957912	-0.158525
7710	0.349515	-0.955137	-0.158525
7719	0.349461	-0.951566	-0.158525
7728	0.348090	-0.949212	-0.158972
7738	0.345240	-0.947015	-0.158972
7751	0.341854	-0.944841	-0.158567
7757	0.338427	-0.941209	-0.158567
7764	0.336092	-0.938899	-0.158567
7773	0.333226	-0.936227	-0.158062
7783	0.331108	-0.933869	-0.158062
7792	0.328338	-0.931625	-0.158062
7800	0.321998	-0.927931	-0.158062
7809	0.316691	-0.925733	-0.158062
7818	0.311918	-0.923445	-0.158062
7827	0.307493	-0.921153	-0.157497
7837	0.296562	-0.917293	-0.157497
7847	0.288406	-0.915221	-0.157497
7858	0.281023	-0.913038	-0.157688
7864	0.273730	-0.911032	-0.157497
7872	0.262999	-0.907747	-0.156838
7881	0.255975	-0.905698	-0.156838
7891	0.248796	-0.903778	-0.156838
7902	0.240453	-0.901408	-0.156838
7909	0.232935	-0.898502	-0.156838
7918	0.228531	-0.896632	-0.156838
7927	0.224660	-0.894898	-0.155530
7936	0.220666	-0.893073	-0.155530
7946	0.216324	-0.890220	-0.155530
7954	0.215393	-0.888452	-0.155530
7964	0.214166	-0.886449	-0.153985
7982	0.213585	-0.881989	-0.153985
7990	0.213927	-0.880371	-0.153985
7999	0.215019	-0.878637	-0.153985
8007	0.216758	-0.876898	-0.153985
8017	0.219050	-0.875247	-0.153985
8025	0.224802	-0.872117	-0.152269
8035	0.228154	-0.870491	-0.152269
8044	0.230290	-0.868886	-0.152269
8053	0.232043	-0.867129	-0.152269
8062	0.234683	-0.864334	-0.152269
8072	0.236586	-0.862669	-0.149998
8083	0.238100	-0.860894	-0.147887
8089	0.239605	-0.858914	-0.147887
8098	0.239846	-0.856165	-0.147887
8107	0.240342	-0.854575	-0.147887
8116	0.239952	-0.852883	-0.146819
8125	0.239823	-0.851215	-0.145755
8134	0.239319	-0.848734	-0.145755
8144	0.239945	-0.847243	-0.145755
8152	0.240567	-0.845311	-0.145755
8161	0.240807	-0.843855	-0.145755
8170	0.241105	-0.842284	-0.145755
8179	0.242642	-0.839860	-0.143336
8192	0.244601	-0.838279	-0.143336
8198	0.247382	-0.836846	-0.143336
8206	0.250006	-0.835290	-0.143336
8224	0.256649	-0.831010	-0.140636
8233	0.259865	-0.829397	-0.140636
8252	0.267287	-0.825399	-0.140636
8260	0.271708	-0.823759	-0.140636
8271	0.275762	-0.822197	-0.140636
8278	0.280004	-0.820129	-0.137832
8287	0.283123	-0.817304	-0.137832
8301	0.284992	-0.815609	-0.135115
8314	0.286762	-0.812034	-0.135115
8324	0.287042	-0.809208	-0.132535
8332	0.287586	-0.806974	-0.132535
8342	0.287309	-0.805211	-0.132535
8351	0.286703	-0.803332	-0.132535
8360	0.286649	-0.801554	-0.132535
8369	0.286533	-0.798557	-0.132535
8378	0.286505	-0.796792	-0.130035
8386	0.285818	-0.794886	-0.130035
8395	0.285211	-0.792955	-0.130035
8410	0.285547	-0.789711	-0.126764
8423	0.286568	-0.786075	-0.123746
8432	0.286797	-0.784289	-0.123746
8440	0.286692	-0.781185	-0.123746
8449	0.287288	-0.779122	-0.123746
8460	0.287842	-0.777124	-0.123746
8468	0.288152	-0.774627	-0.123746
8477	0.286503	-0.771444	-0.120324
8487	0.284007	-0.769351	-0.120324
8495	0.281734	-0.767374	-0.120324
8503	0.278734	-0.765298	-0.120324
8512	0.272275	-0.762093	-0.120324
8522	0.268563	-0.759775	-0.113160
8531	0.266167	-0.757908	-0.113160
8540	0.264868	-0.755920	-0.113160
8549	0.263801	-0.753966	-0.113160
8558	0.263555	-0.750699	-0.113160
8567	0.264146	-0.748729	-0.113160
8575	0.264794	-0.746628	-0.109721
8593	0.262071	-0.740926	-0.109721
8603	0.260693	-0.738922	-0.109721
8612	0.258656	-0.736928	-0.109721
8621	0.256852	-0.734800	-0.109721
8632	0.253619	-0.731508	-0.102600
8639	0.251673	-0.729488	-0.102600
8648	0.248714	-0.727072	-0.102600
8657	0.246188	-0.724989	-0.102600
8667	0.242734	-0.721980	-0.102600
8674	0.241663	-0.720135	-0.098756
8680	0.239882	-0.718326	-0.098756
8695	0.238905	-0.716672	-0.098756
8704	0.240824	-0.713804	-0.098756
8711	0.242278	-0.711430	-0.098756
8721	0.243859	-0.709511	-0.098756
8729	0.245225	-0.707478	-0.094856
8742	0.246118	-0.705458	-0.091868
8756	0.249523	-0.700436	-0.091868
8766	0.249492	-0.698559	-0.091868
8775	0.248976	-0.696664	-0.088708
8783	0.249933	-0.693290	-0.088708
8792	0.250438	-0.691460	-0.088708
8802	0.251878	-0.689693	-0.088708
8810	0.253699	-0.687757	-0.088708
8819	0.255720	-0.684835	-0.088708
8828	0.256554	-0.682922	-0.087915
8856	0.256482	-0.675870	-0.085509
8865	0.256086	-0.673984	-0.085509
8874	0.254320	-0.672173	-0.082388
8882	0.252424	-0.670243	-0.082388
8892	0.250752	-0.667450	-0.082388
8901	0.249317	-0.665312	-0.082388
8909	0.249097	-0.663494	-0.082388
8918	0.250375	-0.661686	-0.082388
8936	0.251042	-0.657151	-0.078825
8946	0.252498	-0.655613	-0.078825
8960	0.254328	-0.654098	-0.075510
8969	0.254976	-0.652203	-0.075510
8982	0.257422	-0.647873	-0.072431
8991	0.259080	-0.646098	-0.072431
8999	0.260692	-0.644227	-0.072431
9009	0.263134	-0.641532	-0.072431
9017	0.264948	-0.639737	-0.072431
9026	0.268561	-0.637570	-0.069312
9046	0.273469	-0.633004	-0.069312
9054	0.275302	-0.631136	-0.069312
9063	0.277671	-0.629435	-0.069312
9072	0.279767	-0.627680	-0.066365
9081	0.280184	-0.625870	-0.063775
9090	0.278537	-0.622575	-0.063775
9098	0.277310	-0.620614	-0.063775
9108	0.276153	-0.618785	-0.063775
9119	0.274498	-0.616944	-0.063775
9126	0.272008	-0.614070	-0.061018
9134	0.269852	-0.612184	-0.061018
9145	0.267214	-0.610436	-0.061018
9153	0.264354	-0.608243	-0.061018
9162	0.259932	-0.605503	-0.061018
9171	0.254897	-0.603719	-0.061018
9183	0.249246	-0.602066	-0.058074
9189	0.243365	-0.600365	-0.058074
9198	0.234559	-0.597780	-0.058074
9208	0.228798	-0.596347	-0.058074
9216	0.222716	-0.594699	-0.058074
9226	0.218329	-0.593481	-0.054982
9234	0.212157	-0.591387	-0.054982
9244	0.208647	-0.590276	-0.054982
9252	0.205709	-0.588800	-0.054982
9261	0.201981	-0.587362	-0.054982
9270	0.198362	-0.585023	-0.054982
9280	0.195723	-0.583389	-0.051834
9292	0.193166	-0.581953	-0.049508
9298	0.191243	-0.580639	-0.049508
9306	0.188636	-0.579224	-0.049508
9314	0.183641	-0.577020	-0.049114
9344	0.170689	-0.573024	-0.046989
9352	0.162055	-0.571092	-0.046989
9360	0.156802	-0.569776	-0.046989
9369	0.152123	-0.568483	-0.046989
9379	0.149048	-0.567344	-0.044130
9387	0.144642	-0.565436	-0.044130
9401	0.143031	-0.564318	-0.044130
9408	0.141037	-0.562926	-0.044130
9414	0.139439	-0.561694	-0.044130
9423	0.138071	-0.559826	-0.041222
9433	0.137683	-0.558752	-0.041222
9441	0.137237	-0.557578	-0.041222
9451	0.136739	-0.556507	-0.041222
9461	0.137983	-0.555440	-0.041222
9469	0.137966	-0.553359	-0.041222
9483	0.138033	-0.552256	-0.037946
9496	0.139875	-0.550252	-0.037946
9510	0.140866	-0.548780	-0.034498
9523	0.144419	-0.546795	-0.034498
9531	0.146129	-0.545311	-0.031384
9542	0.148702	-0.543394	-0.031384
9550	0.149423	-0.542293	-0.031384
9559	0.150972	-0.541113	-0.030705
9586	0.154262	-0.537065	-0.028273
9595	0.153932	-0.535704	-0.028273
9604	0.154408	-0.534731	-0.028273
9614	0.156150	-0.533286	-0.028273
9622	0.157063	-0.532353	-0.025715
9631	0.158382	-0.531370	-0.023639
9640	0.159460	-0.530272	-0.023639
9650	0.157878	-0.528740	-0.023639
9657	0.156985	-0.527570	-0.023639
9667	0.156181	-0.526709	-0.023639
9676	0.155276	-0.525709	-0.020754
9685	0.155103	-0.524848	-0.020754
9694	0.153399	-0.523490	-0.020754
9703	0.151338	-0.522605	-0.020754
9712	0.149400	-0.521699	-0.020754
9721	0.146304	-0.520700	-0.020754
9732	0.141571	-0.519342	-0.017766
9739	0.137861	-0.518658	-0.017766
9748	0.134921	-0.518051	-0.017766
9758	0.131651	-0.517711	-0.017766
9766	0.125764	-0.516834	-0.017766
9777	0.122087	-0.516380	-0.014860
9784	0.118852	-0.515732	-0.014860
9793	0.114963	-0.515165	-0.014860
9802	0.108833	-0.514143	-0.015312
9820	0.101969	-0.513140	-0.014860
9830	0.098332	-0.512680	-0.012047
9842	0.094361	-0.512166	-0.010300
9849	0.088449	-0.511386	-0.010299
9856	0.084187	-0.511060	-0.010619
9866	0.079688	-0.510824	-0.010619
9874	0.075951	-0.510540	-0.009139
9883	0.071913	-0.510005	-0.009139
9893	0.070506	-0.509722	-0.009139
9902	0.067328	-0.509421	-0.009139
9910	0.063121	-0.508983	-0.009139
9916	0.059829	-0.508511	-0.009139
9928	0.057731	-0.508134	-0.007413
9937	0.054273	-0.507754	-0.007413
9951	0.050788	-0.507456	-0.007064
9957	0.049071	-0.506942	-0.007064
9964	0.049046	-0.506607	-0.007064
9975	0.049365	-0.506263	-0.006536
9983	0.050264	-0.505892	-0.006536
9992	0.051764	-0.505188	-0.006536
10001	0.052921	-0.504808	-0.006536
10010	0.053844	-0.504419	-0.006548
10054	0.059693	-0.502422	-0.005649
10064	0.061680	-0.501849	-0.005182
10072	0.064509	-0.500800	-0.005182
10082	0.066100	-0.500214	-0.005010
10091	0.067537	-0.499654	-0.005010
10100	0.069341	-0.498918	-0.005010
10108	0.071068	-0.497897	-0.005010
10120	0.071081	-0.497308	-0.005010
10127	0.070930	-0.496715	-0.004844
10136	0.071127	-0.496222	-0.004844
10145	0.072883	-0.495324	-0.004844
10154	0.074920	-0.494763	-0.004844
10162	0.076421	-0.494142	-0.004844
10173	0.077582	-0.493518	-0.004844
10181	0.078564	-0.492551	-0.004778
10191	0.079383	-0.491955	-0.004778
10199	0.079246	-0.491363	-0.004778
10208	0.079163	-0.490726	-0.004778
10217	0.080568	-0.490136	-0.004778
10226	0.080328	-0.488968	-0.003454
10235	0.079036	-0.488329	-0.003454
10253	0.077461	-0.487242	-0.003454
10289	0.077172	-0.484594	-0.003206
10299	0.076516	-0.483780	-0.003206
10308	0.075510	-0.483315	-0.003206
10316	0.074016	-0.482820	-0.003206
10325	0.072433	-0.482439	-0.003147
10334	0.071056	-0.481726	-0.003147
10343	0.070820	-0.481197	-0.003147
10354	0.070150	-0.480833	-0.003147
10362	0.069014	-0.480484	-0.003147
10371	0.068982	-0.479837	-0.003147
10380	0.068456	-0.479522	-0.002909
10393	0.067372	-0.479183	-0.003265
10399	0.065923	-0.478945	-0.003265
10408	0.064217	-0.478605	-0.003265
10415	0.061606	-0.478183	-0.003265
10425	0.059911	-0.477930	-0.003406
10433	0.059114	-0.477753	-0.003406
10443	0.057784	-0.477549	-0.003406
10451	0.055209	-0.477162	-0.003406
10462	0.053531	-0.476976	-0.003406
10469	0.052535	-0.476698	-0.003406
10479	0.050647	-0.476537	-0.003317
10487	0.049029	-0.476186	-0.003317
10532	0.041854	-0.475292	-0.005718
10542	0.040309	-0.475220	-0.005718
10551	0.038393	-0.475127	-0.005718
10560	0.036506	-0.475073	-0.005718
10568	0.034234	-0.474827	-0.005718
10577	0.031826	-0.474647	-0.006993
10587	0.029232	-0.474462	-0.006993
10596	0.026166	-0.474184	-0.006993
10615	0.020563	-0.473753	-0.007217
10695	0.029680	-0.471735	-0.007844
11308	0.050579	-0.449395	-0.001403
11317	0.053502	-0.448967	-0.001403
11327	0.058043	-0.448313	-0.002022
11335	0.062254	-0.447902	-0.002022
11344	0.065144	-0.447437	-0.002022
11353	0.067690	-0.446961	-0.002022
11361	0.071187	-0.446264	-0.002022
11371	0.073500	-0.445830	-0.002022
11383	0.075362	-0.445361	-0.002452
11389	0.076985	-0.444866	-0.002452
11461	0.074033	-0.441053	-0.002867
11470	0.071616	-0.440726	-0.002867
11481	0.068310	-0.440135	-0.003276
11493	0.066020	-0.439809	-0.003276
11498	0.064028	-0.439546	-0.003276
11506	0.062799	-0.439261	-0.003276
11515	0.060851	-0.438777	-0.003276
11524	0.060091	-0.438451	-0.003276
11534	0.059180	-0.438178	-0.003686
11542	0.057766	-0.437812	-0.003686
11551	0.055639	-0.437356	-0.003686
11561	0.054699	-0.437116	-0.003686
11569	0.054614	-0.436855	-0.003686
11588	0.055021	-0.436066	-0.004026
11601	0.055460	-0.435698	-0.004026
11607	0.056285	-0.435381	-0.004026
11614	0.057518	-0.435079	-0.004026
11629	0.059372	-0.434702	-0.004329
11641	0.058810	-0.434330	-0.004329
11651	0.058996	-0.434091	-0.004329
11659	0.059181	-0.433735	-0.004329
11670	0.058180	-0.433030	-0.004329
11678	0.058248	-0.432615	-0.001846
11686	0.058054	-0.432238	-0.001846
11696	0.058203	-0.431867	-0.001846
11704	0.057125	-0.431276	-0.001846
11714	0.055417	-0.430900	0.000177
11723	0.054104	-0.430425	0.000177
11732	0.051303	-0.430059	0.001946
11741	0.047291	-0.429538	0.001946
11750	0.044258	-0.429211	0.001946
11758	0.040629	-0.428931	0.001946
11768	0.036087	-0.428656	0.001946
11776	0.029714	-0.428232	0.003700
11786	0.026822	-0.427990	0.003700
11795	0.024287	-0.427812	0.003700
11804	0.022966	-0.427634	0.003700
11812	0.021663	-0.427454	0.003700
11822	0.019860	-0.427148	0.005652
11831	0.018758	-0.426993	0.007339
11840	0.017636	-0.426792	0.007339
11849	0.017230	-0.426571	0.007339
11858	0.016937	-0.426225	0.007339
11867	0.016408	-0.426037	0.007339
11877	0.015796	-0.425857	0.009012
11885	0.015709	-0.425710	0.009012
11893	0.014827	-0.425429	0.009012
11914	0.014189	-0.425141	0.009012
11921	0.014994	-0.424989	0.009012
11933	0.014694	-0.424726	0.012390
11939	0.013168	-0.424572	0.012390
11948	0.011452	-0.424394	0.012390
11957	0.009362	-0.424300	0.012390
11966	0.005359	-0.424148	0.012390
11975	0.003140	-0.424112	0.014007
11984	0.001346	-0.424094	0.014007
12002	-0.001232	-0.424047	0.014007
12012	-0.004048	-0.424079	0.014007
12021	-0.005453	-0.424246	0.014007
12029	-0.006731	-0.424393	0.015528
12048	-0.006772	-0.424543	0.015528
12056	-0.005873	-0.424563	0.015528
12065	-0.005384	-0.424626	0.015528
12076	-0.004643	-0.424678	0.017762
12083	-0.003181	-0.424725	0.017762
12092	-0.002759	-0.424795	0.017762
12098	-0.001987	-0.424875	0.017762
12111	-0.000993	-0.424942	0.017762
12119	0.001588	-0.425074	0.017762
12130	0.004319	-0.425187	0.020169
12138	0.006311	-0.425330	0.020169
12150	0.007064	-0.425442	0.020169
12156	0.009448	-0.425542	0.020169
12164	0.011426	-0.425613	0.020169
12174	0.013617	-0.425680	0.020169
12183	0.015828	-0.425714	0.022592
12192	0.017947	-0.425726	0.022592
12201	0.019806	-0.425728	0.022592
12209	0.021887	-0.425717	0.022592
12218	0.024497	-0.425714	0.022592
12230	0.025526	-0.425721	0.025260
12237	0.025232	-0.425673	0.025260
12246	0.025451	-0.425705	0.025260
12255	0.026178	-0.425713	0.025260
12266	0.026476	-0.425781	0.025260
12272	0.025220	-0.425798	0.025260
12284	0.024179	-0.425862	0.028281
12291	0.023713	-0.425996	0.028281
12300	0.024286	-0.426142	0.028281
12309	0.024648	-0.426339	0.028281
12318	0.024532	-0.426389	0.028281
12327	0.024508	-0.426348	0.031295
12335	0.023925	-0.426316	0.031295
12354	0.015215	-0.426191	0.031295
12363	0.012094	-0.426237	0.031295
12372	0.008086	-0.426327	0.031295
12381	-0.000117	-0.426494	0.034445
12390	-0.005542	-0.426677	0.034445
12398	-0.010803	-0.426846	0.034445
12410	-0.017167	-0.427057	0.034445
12417	-0.024845	-0.427355	0.034445
12426	-0.033188	-0.427759	0.037444
12435	-0.038562	-0.428127	0.037444
12444	-0.043994	-0.428500	0.037444
12453	-0.049349	-0.428859	0.037444
12462	-0.056315	-0.429421	0.037444
12471	-0.059371	-0.429822	0.037444
12483	-0.062478	-0.430308	0.040480
12490	-0.064158	-0.430783	0.040480
12498	-0.066265	-0.431380	0.040480
12516	-0.067920	-0.432201	0.040480
12525	-0.068598	-0.432588	0.043699
12535	-0.068347	-0.433165	0.043699
12545	-0.067837	-0.433646	0.043699
12552	-0.066953	-0.434027	0.043699
12561	-0.066138	-0.434361	0.043699
12570	-0.065816	-0.434698	0.043699
12580	-0.063200	-0.435148	0.046925
12593	-0.061009	-0.435438	0.046925
12599	-0.059006	-0.435719	0.046925
12607	-0.056003	-0.435990	0.046925
12616	-0.052223	-0.436285	0.046925
12624	-0.050773	-0.436461	0.046925
12633	-0.049224	-0.436687	0.050307
12643	-0.047349	-0.436912	0.050307
12651	-0.044894	-0.437178	0.050307
12661	-0.043393	-0.437401	0.050307
12670	-0.041863	-0.437663	0.051346
12687	-0.037198	-0.438112	0.053655
12702	-0.035606	-0.438335	0.053655
12714	-0.030625	-0.438760	0.053655
12724	-0.025147	-0.439060	0.053655
12732	-0.021911	-0.439270	0.057145
12742	-0.018919	-0.439438	0.057145
12750	-0.014971	-0.439578	0.057145
12760	-0.011057	-0.439736	0.057145
12769	-0.004411	-0.439944	0.057145
12777	0.000506	-0.440048	0.060566
12789	0.005728	-0.440100	0.060566
12796	0.011933	-0.440112	0.060566
12810	0.018122	-0.440059	0.060566
12823	0.024079	-0.440061	0.060566
12832	0.027624	-0.440077	0.063985
12841	0.033516	-0.440010	0.063985
12850	0.035730	-0.439993	0.063985
12859	0.036290	-0.439973	0.063985
12868	0.037083	-0.439981	0.063985
12876	0.039089	-0.439920	0.067296
12886	0.040163	-0.439955	0.067296
12895	0.040736	-0.439979	0.067296
12903	0.039928	-0.440006	0.067296
12914	0.037566	-0.440055	0.067715
12940	0.030669	-0.440425	0.070160
12949	0.026011	-0.440596	0.070764
12957	0.018947	-0.440839	0.070764
12966	0.013032	-0.441088	0.070764
12976	0.007811	-0.441378	0.074246
12985	0.000203	-0.441734	0.074246
12994	-0.010382	-0.442300	0.074246
13003	-0.016809	-0.442752	0.074246
13012	-0.023148	-0.443252	0.074246
13021	-0.030531	-0.443783	0.074246
13033	-0.041662	-0.444560	0.077531
13040	-0.048815	-0.445247	0.077531
13048	-0.055141	-0.445870	0.077531
13057	-0.061843	-0.446548	0.077531
13066	-0.071273	-0.447545	0.077531
13075	-0.077133	-0.448307	0.080733
13084	-0.082456	-0.449066	0.080733
13093	-0.087467	-0.449839	0.080733
13102	-0.095248	-0.451087	0.080733
13111	-0.098910	-0.451872	0.080733
13121	-0.102723	-0.452706	0.080733
13129	-0.107349	-0.453538	0.083710
13148	-0.114907	-0.455647	0.083710
13156	-0.116488	-0.456473	0.083710
13166	-0.116621	-0.457306	0.083710
13176	-0.117088	-0.458276	0.084633
13193	-0.115494	-0.460309	0.086553
13201	-0.114346	-0.461126	0.086553
13211	-0.113528	-0.461854	0.086553
13219	-0.110190	-0.462865	0.086553
13229	-0.106791	-0.463638	0.089134
13238	-0.102874	-0.464536	0.089134
13251	-0.099531	-0.465217	0.087539
13257	-0.093201	-0.466050	0.087539
13264	-0.089643	-0.466585	0.087539
13277	-0.087551	-0.467071	0.085736
13283	-0.085619	-0.467548	0.085736
13292	-0.082378	-0.468246	0.085736
13303	-0.080604	-0.468807	0.085736
13310	-0.079100	-0.469295	0.085736
13319	-0.077022	-0.469775	0.085736
13328	-0.075527	-0.470253	0.083789
13337	-0.072640	-0.470973	0.083789
13345	-0.070043	-0.471468	0.083789
13364	-0.064999	-0.472529	0.081015
13372	-0.061903	-0.473173	0.081015
13384	-0.060439	-0.473645	0.077987
13392	-0.058771	-0.474138	0.077987
13401	-0.058212	-0.474610	0.077987
13410	-0.056909	-0.475338	0.077436
13446	-0.060810	-0.477776	0.074858
13454	-0.061598	-0.478343	0.074858
13463	-0.061673	-0.478936	0.074858
13474	-0.062226	-0.479565	0.074858
13481	-0.063184	-0.480298	0.071667
13490	-0.061859	-0.481244	0.071667
13499	-0.060084	-0.481933	0.071667
13508	-0.058192	-0.482616	0.071667
13517	-0.056531	-0.483259	0.071667
13526	-0.053356	-0.484204	0.068410
13535	-0.051525	-0.484870	0.068410
13544	-0.049952	-0.485621	0.068410
13553	-0.049393	-0.486269	0.068410
13563	-0.048584	-0.487220	0.068410
13571	-0.048744	-0.487909	0.068410
13583	-0.048771	-0.488595	0.060858
13590	-0.049552	-0.489315	0.060858
13599	-0.050956	-0.490356	0.060858
13607	-0.052423	-0.491162	0.060858
13616	-0.053044	-0.491878	0.060858
13625	-0.053859	-0.492600	0.061172
13634	-0.055944	-0.493697	0.061172
13678	-0.070415	-0.498156	0.061535
13693	-0.074064	-0.498985	0.061181
13700	-0.078252	-0.499880	0.061181
13706	-0.082931	-0.500822	0.061181
13718	-0.090635	-0.502192	0.061181
13724	-0.095513	-0.503169	0.061181
13733	-0.101450	-0.504350	0.061315
13743	-0.106584	-0.505408	0.061315
13752	-0.113546	-0.507035	0.061315
13760	-0.117635	-0.508175	0.061315
13769	-0.122491	-0.509327	0.061315
13781	-0.127410	-0.510491	0.061535
13787	-0.134031	-0.512255	0.061535
13801	-0.138891	-0.513698	0.061175
13808	-0.141722	-0.514990	0.061175
13815	-0.144248	-0.516297	0.061175
13823	-0.147557	-0.518188	0.061175
13833	-0.149252	-0.519480	0.060717
13842	-0.149623	-0.520768	0.060717
13851	-0.148966	-0.522050	0.060717
13860	-0.148062	-0.523512	0.060717
13870	-0.145427	-0.525391	0.060615
13896	-0.136300	-0.529098	0.060230
13904	-0.129406	-0.530764	0.060230
13914	-0.125105	-0.531868	0.060230
13923	-0.119246	-0.533080	0.060230
13932	-0.113145	-0.534096	0.060063
13940	-0.103001	-0.535526	0.060063
13952	-0.095670	-0.536426	0.060063
13959	-0.089035	-0.537264	0.060063
13969	-0.082560	-0.538088	0.060063
13977	-0.072255	-0.539205	0.059986
13986	-0.064358	-0.540047	0.059986
13995	-0.058002	-0.540735	0.059986
14004	-0.052660	-0.541340	0.059986
14013	-0.047379	-0.542180	0.059986
14024	-0.042968	-0.542754	0.058928
14032	-0.039811	-0.543310	0.057738
14040	-0.037013	-0.543864	0.057738
14049	-0.032975	-0.544724	0.057738
14060	-0.031305	-0.545237	0.057738
14067	-0.030621	-0.545740	0.057738
14076	-0.030071	-0.546293	0.057192
14086	-0.030679	-0.546845	0.057192
14093	-0.032632	-0.547608	0.057192
14103	-0.034790	-0.548167	0.056842
14149	-0.061522	-0.551756	0.053877
14157	-0.068401	-0.552503	0.054076
14166	-0.081094	-0.553764	0.054076
14172	-0.089249	-0.554601	0.052943
14185	-0.097179	-0.555461	0.052943
14193	-0.105053	-0.556368	0.052943
14202	-0.115029	-0.557752	0.052943
14212	-0.122317	-0.558742	0.052943
14220	-0.128999	-0.559751	0.052943
14230	-0.134677	-0.560762	0.051839
14244	-0.140062	-0.561952	0.051839
14256	-0.148293	-0.564555	0.051839
14266	-0.150033	-0.565566	0.051839
14274	-0.150845	-0.566585	0.051839
14283	-0.151500	-0.568070	0.050652
14293	-0.151327	-0.569071	0.050652
14301	-0.149442	-0.570177	0.050652
14311	-0.148661	-0.571154	0.050652
14319	-0.146722	-0.572510	0.050652
14329	-0.145093	-0.573434	0.049438
14374	-0.131391	-0.578129	0.044968
14383	-0.129196	-0.578916	0.044733
14391	-0.123284	-0.579988	0.044733
14400	-0.117762	-0.580668	0.044733
14410	-0.111882	-0.581312	0.044733
14419	-0.105403	-0.581887	0.044733
14429	-0.097515	-0.582543	0.042921
14438	-0.088029	-0.583269	0.042921
14446	-0.080222	-0.583736	0.042921
14460	-0.072641	-0.584183	0.042921
14472	-0.053722	-0.585020	0.042921
14482	-0.047635	-0.585325	0.041054
14492	-0.041150	-0.585682	0.041054
14500	-0.036204	-0.586000	0.041054
14508	-0.030079	-0.586344	0.041054
14520	-0.026925	-0.586600	0.041054
14527	-0.023870	-0.586853	0.041027
15176	-0.068018	-0.628779	0.011527
15203	-0.075123	-0.630895	0.011646
15212	-0.077063	-0.631522	0.011760
15221	-0.080080	-0.632186	0.011760
15234	-0.085142	-0.633121	0.011139
15240	-0.087982	-0.633878	0.011139
15248	-0.090120	-0.634570	0.011192
15330	-0.087014	-0.641178	0.010427
15342	-0.084338	-0.641971	0.010427
15348	-0.082514	-0.642524	0.010430
15357	-0.080200	-0.643048	0.010427
15366	-0.077546	-0.643611	0.010427
15374	-0.075110	-0.644097	0.010427
15384	-0.071206	-0.644780	0.010360
15393	-0.068431	-0.645252	0.010360
15402	-0.065861	-0.645703	0.010360
15411	-0.062251	-0.646143	0.010360
15419	-0.056398	-0.646746	0.010360
15429	-0.051404	-0.647281	0.010232
15437	-0.046661	-0.647709	0.010232
15451	-0.041704	-0.648074	0.010232
15457	-0.034254	-0.648520	0.010232
15465	-0.028878	-0.648839	0.010232
15483	-0.019065	-0.649411	0.010814
15491	-0.009938	-0.649752	0.010814
15500	-0.004886	-0.649983	0.010814
15519	0.005627	-0.650340	0.010814
15530	0.010589	-0.650551	0.011407
15537	0.016522	-0.650753	0.011407
15546	0.019851	-0.650926	0.011407
15554	0.022483	-0.651097	0.011407
15564	0.024966	-0.651263	0.010009
15573	0.028711	-0.651428	0.010009
15583	0.030087	-0.651618	0.008553
15592	0.030387	-0.651825	0.008553
15600	0.030974	-0.652046	0.008553
15608	0.033012	-0.652312	0.008553
15620	0.035096	-0.652538	0.008553
15627	0.035816	-0.652742	0.007108
15637	0.036383	-0.652981	0.007108
15645	0.037117	-0.653270	0.007108
15654	0.037093	-0.653543	0.007108
15663	0.035886	-0.653808	0.007108
15675	0.033778	-0.654120	0.005214
15682	0.030958	-0.654514	0.003269
15691	0.028779	-0.654838	0.003269
15700	0.025763	-0.655199	0.003269
15708	0.022161	-0.655556	0.003269
15718	0.018411	-0.655948	0.003269
15727	0.012396	-0.656448	0.001363
15735	0.008508	-0.656911	0.001363
15746	0.004571	-0.657339	0.001363
15753	0.000936	-0.657751	0.001363
15763	-0.003158	-0.658351	0.001363
15772	-0.006707	-0.658830	0.001363
15783	-0.011014	-0.659298	-0.003273
15789	-0.015969	-0.659759	-0.003273
15798	-0.024003	-0.660436	-0.003273
15810	-0.028410	-0.660919	-0.003273
15817	-0.032675	-0.661407	-0.002825
15825	-0.037080	-0.661907	-0.003273
15834	-0.042970	-0.662593	-0.005541
15843	-0.047182	-0.663089	-0.005541
15852	-0.051462	-0.663614	-0.005541
15862	-0.057250	-0.664213	-0.005541
15872	-0.060925	-0.664782	-0.005541
15879	-0.064903	-0.665506	-0.007757
15899	-0.070120	-0.666655	-0.007757
15906	-0.072717	-0.667201	-0.007757
15925	-0.079396	-0.668524	-0.007757
15933	-0.082708	-0.669155	-0.008030
15943	-0.083902	-0.669739	-0.008030
15953	-0.085299	-0.670501	-0.008030
15960	-0.084956	-0.671049	-0.008030
15970	-0.083971	-0.671593	-0.008030
15979	-0.082791	-0.672133	-0.008270
15987	-0.081899	-0.672896	-0.008270
16007	-0.080158	-0.673974	-0.009481
16015	-0.079435	-0.674507	-0.009481
16023	-0.076311	-0.675199	-0.009481
16033	-0.074077	-0.675742	-0.010275
16042	-0.072996	-0.676239	-0.010275
16051	-0.071817	-0.676762	-0.010275
16060	-0.070905	-0.677294	-0.010275
16069	-0.067786	-0.677987	-0.010275
16078	-0.065736	-0.678476	-0.011000
16087	-0.063419	-0.678954	-0.011000
16096	-0.061227	-0.679446	-0.011000
16104	-0.058325	-0.680053	-0.011000
16116	-0.055031	-0.680611	-0.011969
16124	-0.051585	-0.681105	-0.011969
16132	-0.048238	-0.681551	-0.012564
16141	-0.043286	-0.682108	-0.012564
16151	-0.039828	-0.682526	-0.012564
16160	-0.035351	-0.682960	-0.012564
16170	-0.031338	-0.683343	-0.012564
16178	-0.025777	-0.683885	-0.013098
16186	-0.022438	-0.684236	-0.013098
16195	-0.020055	-0.684617	-0.013098
16204	-0.017351	-0.684971	-0.013098
16214	-0.012904	-0.685464	-0.013098
16224	-0.009564	-0.685816	-0.013098
16232	-0.005690	-0.686212	-0.013658
16240	-0.002121	-0.686557	-0.013658
16249	0.003041	-0.686983	-0.013658
16257	0.005686	-0.687291	-0.013658
16269	0.008752	-0.687618	-0.013658
16277	0.011288	-0.687896	-0.014257
16286	0.012817	-0.688218	-0.014257
16294	0.014979	-0.688550	-0.014257
16341	0.018002	-0.689823	-0.014817
16349	0.017300	-0.690085	-0.014817
16358	0.016387	-0.690371	-0.014817
16366	0.013805	-0.690695	-0.014817
16375	0.011613	-0.690946	-0.014817
16385	0.010271	-0.691245	-0.015396
16393	0.008758	-0.691523	-0.015396
16403	0.004708	-0.691938	-0.015396
16412	0.002637	-0.692257	-0.015396
16421	0.000987	-0.692615	-0.015396
16429	-0.000117	-0.692970	-0.015067
16443	-0.000856	-0.693297	-0.015067
16449	-0.003924	-0.693721	-0.015067
16457	-0.007018	-0.694041	-0.015067
16466	-0.009353	-0.694409	-0.015067
16475	-0.011306	-0.694756	-0.015067
16484	-0.015164	-0.695275	-0.014648
16493	-0.017077	-0.695714	-0.014648
16501	-0.019641	-0.696100	-0.014648
16511	-0.022592	-0.696550	-0.014648
16519	-0.026290	-0.697092	-0.014648
16529	-0.027696	-0.697592	-0.014261
16538	-0.029668	-0.698096	-0.014261
16551	-0.031093	-0.698550	-0.014022
16561	-0.034003	-0.699193	-0.014001
16567	-0.034868	-0.699660	-0.014022
16593	-0.037397	-0.701216	-0.013772
16602	-0.037753	-0.701689	-0.013772
16610	-0.037985	-0.702117	-0.013772
16618	-0.037828	-0.702598	-0.013772
16630	-0.038265	-0.703062	-0.013532
16637	-0.037629	-0.703593	-0.013532
16646	-0.037545	-0.704047	-0.013532
16676	-0.034077	-0.705398	-0.013246
16682	-0.034560	-0.705750	-0.379707
16692	-0.034509	-0.706105	-0.379707
16700	-0.033856	-0.706425	-0.379707
16710	-0.035013	-0.706879	-0.379707
16718	-0.035053	-0.707323	-0.379707
16727	-0.032448	-0.707639	-0.379600
16736	-0.023525	-0.707903	-0.379600
16745	0.007432	-0.707994	-0.379600
16754	0.033377	-0.707851	-0.379600
16764	0.064110	-0.707603	-0.379600
16773	0.092964	-0.707038	-0.379292
16781	0.126096	-0.705821	-0.379003
16841	0.232027	-0.695580	-0.378740
16864	0.257562	-0.690897	-0.378740
16884	0.277566	-0.686512	-0.377577
16892	0.286743	-0.684394	-0.377577
16898	0.300253	-0.680931	-0.377577
16908	0.308971	-0.678579	-0.377577
16917	0.317226	-0.676187	-0.377577
16925	0.325565	-0.673713	-0.377577
16934	0.334690	-0.669421	-0.376895
16943	0.338053	-0.666842	-0.376895
16953	0.342003	-0.664254	-0.376895
16962	0.346576	-0.661600	-0.376895
16971	0.351459	-0.657461	-0.376895
16981	0.354391	-0.654757	-0.376163
16997	0.360261	-0.648715	-0.375335
17007	0.362295	-0.645960	-0.375335
17015	0.365919	-0.641643	-0.375335
17024	0.368550	-0.638753	-0.375335
17035	0.371475	-0.635862	-0.374466
17043	0.375035	-0.632901	-0.374466
17052	0.381670	-0.628391	-0.374466
17061	0.386848	-0.624827	-0.374466
17070	0.390464	-0.621797	-0.374466
17079	0.395195	-0.618698	-0.373530
17087	0.402655	-0.613863	-0.373530
17101	0.407535	-0.610630	-0.372555
17133	0.420078	-0.595012	-0.371531
17142	0.418652	-0.591586	-0.371531
17152	0.417551	-0.588205	-0.371531
17161	0.416633	-0.583064	-0.371531
17169	0.414318	-0.579643	-0.371531
17178	0.412445	-0.576313	-0.370426
17186	0.410472	-0.572372	-0.370426
17196	0.408422	-0.569046	-0.370426
17204	0.406451	-0.563999	-0.370426
17215	0.405837	-0.560766	-0.370426
17223	0.405225	-0.557489	-0.370426
17240	0.406196	-0.548510	-0.369435
17250	0.406081	-0.545093	-0.369435
17259	0.406320	-0.541727	-0.369435
17268	0.407081	-0.538396	-0.369435
17277	0.408568	-0.533307	-0.368267
17286	0.409638	-0.529978	-0.368267
17295	0.411511	-0.526625	-0.368267
17304	0.412776	-0.523238	-0.368267
17314	0.415496	-0.517568	-0.368267
17324	0.418053	-0.514211	-0.366818
17332	0.420112	-0.510876	-0.365429
17340	0.422343	-0.507478	-0.365429
17349	0.426216	-0.502314	-0.365429
17357	0.428922	-0.498899	-0.365429
17367	0.431382	-0.495473	-0.365429
17386	0.438327	-0.487870	-0.364032
17395	0.441338	-0.482644	-0.364032
17403	0.443297	-0.479153	-0.364032
17412	0.445987	-0.475683	-0.364032
17422	0.447775	-0.472197	-0.364032
17435	0.449805	-0.466300	-0.362457
17440	0.452266	-0.462851	-0.362457
17448	0.455870	-0.459352	-0.362457
17459	0.459958	-0.455879	-0.362457
17466	0.466512	-0.450534	-0.362457
17477	0.472023	-0.446999	-0.360788
17485	0.477430	-0.443388	-0.360788
17494	0.483640	-0.439786	-0.360788
17502	0.493948	-0.433567	-0.360788
17512	0.499827	-0.429869	-0.360788
17521	0.505750	-0.426088	-0.360788
17529	0.511833	-0.422234	-0.359133
17544	0.516792	-0.418354	-0.356559
17557	0.524413	-0.408528	-0.356559
17566	0.524243	-0.403931	-0.356559
17574	0.524523	-0.399996	-0.356559
17613	0.525521	-0.382254	-0.353979
17619	0.526396	-0.375607	-0.353979
17629	0.526956	-0.371629	-0.351355
17637	0.527713	-0.367544	-0.351355
17652	0.529041	-0.363468	-0.351355
17661	0.530379	-0.357297	-0.351355
17675	0.530014	-0.349018	-0.351355
17683	0.528612	-0.344132	-0.348690
17692	0.526740	-0.337855	-0.348690
17701	0.525290	-0.333751	-0.348690
17710	0.523349	-0.329566	-0.348690
17719	0.520212	-0.325487	-0.348690
17728	0.516231	-0.321323	-0.346095
17737	0.510643	-0.315116	-0.346095
17745	0.505545	-0.310971	-0.346095
17755	0.500044	-0.306178	-0.346095
17764	0.495409	-0.302095	-0.343229
17774	0.488766	-0.296026	-0.343229
17783	0.484773	-0.292030	-0.340438
17791	0.479823	-0.288004	-0.340438
17800	0.475828	-0.284063	-0.340438
17808	0.468864	-0.277440	-0.340438
17820	0.464116	-0.273574	-0.340438
17827	0.459456	-0.269734	-0.337656
17837	0.453719	-0.265893	-0.334612
17874	0.424687	-0.249415	-0.332039
17881	0.418264	-0.243526	-0.332137
17892	0.415343	-0.240064	-0.332137
17899	0.412247	-0.236600	-0.332137
17909	0.410040	-0.233227	-0.332137
17917	0.407806	-0.229830	-0.332137
17927	0.404523	-0.224841	-0.330288
17935	0.401323	-0.220975	-0.330288
17944	0.399264	-0.217699	-0.330288
17955	0.397440	-0.214474	-0.330288
17963	0.396415	-0.209622	-0.330288
17972	0.396112	-0.206459	-0.330288
17984	0.396117	-0.203330	-0.326243
17991	0.396807	-0.200165	-0.326243
17998	0.398865	-0.194881	-0.326243
18017	0.403848	-0.188616	-0.326243
18025	0.406510	-0.185430	-0.326243
18036	0.411615	-0.180672	-0.324343
18043	0.415151	-0.177451	-0.324343
18053	0.419016	-0.174225	-0.324343
18062	0.422794	-0.170939	-0.324021
18099	0.434191	-0.155557	-0.322446
18108	0.435460	-0.152189	-0.322446
18116	0.437372	-0.147147	-0.322446
18124	0.438426	-0.143168	-0.322446
18134	0.440593	-0.139792	-0.320566
18142	0.443265	-0.136357	-0.320566
18152	0.446001	-0.131240	-0.320566
18161	0.447291	-0.127769	-0.320566
18170	0.450672	-0.124276	-0.320566
18179	0.453867	-0.120795	-0.318441
18187	0.459488	-0.114866	-0.318441
18201	0.461410	-0.111326	-0.318441
18208	0.462972	-0.107753	-0.318441
18215	0.464214	-0.104131	-0.318441
18223	0.466509	-0.098637	-0.318441
18234	0.466880	-0.094961	-0.316206
18242	0.465897	-0.091262	-0.316206
18252	0.465769	-0.087602	-0.316206
18260	0.466477	-0.081458	-0.316206
18270	0.466458	-0.077804	-0.316206
18278	0.466364	-0.074100	-0.313877
18287	0.466944	-0.070360	-0.313877
18296	0.467746	-0.066661	-0.313877
18305	0.469741	-0.061073	-0.313877
18314	0.471210	-0.056636	-0.313576
18342	0.470474	-0.043454	-0.311090
18359	0.470259	-0.035886	-0.309871
18368	0.470312	-0.032159	-0.309871
18377	0.470349	-0.025857	-0.309871
18386	0.470240	-0.022039	-0.308056
18396	0.470148	-0.018241	-0.308056
18404	0.469815	-0.014392	-0.308056
18414	0.468879	-0.008751	-0.308056
18424	0.467330	-0.004980	-0.308056
18431	0.465874	-0.001182	-0.305953
18440	0.462623	0.003237	-0.305953
18458	0.449687	0.012470	-0.305953
18467	0.442975	0.016084	-0.305953
18476	0.436320	0.019689	-0.305953
18491	0.429211	0.023231	-0.303708
18503	0.414116	0.032354	-0.303708
18513	0.408910	0.035709	-0.303708
18522	0.405119	0.039041	-0.303708
18901	0.429022	0.208549	-0.262061
19044	0.351194	0.268743	-0.241690
19198	0.275667	0.320124	-0.229883
19307	0.276054	0.352099	-0.232550
19314	0.279238	0.354545	-0.233165
19324	0.284821	0.358470	-0.233165
19333	0.288375	0.360959	-0.230538
19342	0.292092	0.363486	-0.230538
19350	0.295450	0.366045	-0.230538
19369	0.305188	0.372454	-0.230538
19378	0.308287	0.375545	-0.227489
19388	0.310677	0.378222	-0.227489
19396	0.312807	0.380915	-0.227489
19401	0.315431	0.384879	-0.227489
19416	0.317430	0.387644	-0.223017
19423	0.319616	0.390420	-0.223017
19432	0.320824	0.393184	-0.218713
19442	0.322420	0.397702	-0.218713
19450	0.323842	0.400481	-0.218713
19459	0.324124	0.403305	-0.218713
19469	0.324205	0.406132	-0.218713
19477	0.323247	0.410232	-0.218792
19505	0.323024	0.419139	-0.217103
19514	0.322978	0.423234	-0.214621
19525	0.323388	0.426044	-0.209485
19532	0.323858	0.428906	-0.204512
19540	0.323931	0.431740	-0.204512
19550	0.322879	0.434595	-0.204512
19558	0.320994	0.439106	-0.204512
19567	0.318977	0.441916	-0.204512
19576	0.317700	0.444679	-0.204512
19586	0.316456	0.447452	-0.199520
19595	0.312690	0.451477	-0.199520
19603	0.310884	0.454207	-0.199520
19613	0.308736	0.456935	-0.199520
19622	0.305785	0.459651	-0.199520
19636	0.301489	0.463933	-0.194380
19641	0.298877	0.466565	-0.194380
19649	0.295627	0.469182	-0.194380
19658	0.292430	0.471803	-0.194380
19666	0.288096	0.475557	-0.194380
19676	0.286202	0.478133	-0.194380
19685	0.283978	0.480673	-0.189212
19693	0.281295	0.483535	-0.189212
19712	0.273065	0.489589	-0.189212
19721	0.270429	0.492045	-0.189212
19730	0.268955	0.494463	-0.184001
19744	0.265168	0.497936	-0.184001
19753	0.262980	0.500280	-0.186177
19759	0.261389	0.502983	-0.187163
19775	0.260683	0.507721	-0.184001
19784	0.261248	0.511099	-0.178755
19793	0.262086	0.513435	-0.178755
19802	0.262317	0.515770	-0.178755
19811	0.263087	0.518144	-0.178755
19819	0.265622	0.521914	-0.178755
19837	0.268576	0.526654	-0.174496
19857	0.274552	0.532566	-0.167341
19864	0.276283	0.535000	-0.167341
19874	0.278678	0.537491	-0.167341
19883	0.280675	0.540365	-0.160264
19893	0.283726	0.543989	-0.160264
19901	0.285039	0.546515	-0.160264
19911	0.286163	0.549058	-0.160264
19919	0.286557	0.551593	-0.160264
19928	0.286108	0.554109	-0.153865
19938	0.285321	0.557778	-0.153865
19946	0.284443	0.560670	-0.153865
19955	0.283513	0.563207	-0.153865
19964	0.280788	0.565695	-0.145607
19973	0.275267	0.569281	-0.145607
19982	0.270817	0.571691	-0.137468
19991	0.264467	0.574085	-0.137468
20000	0.258204	0.576432	-0.137468
20009	0.248121	0.580084	-0.137468
20019	0.241778	0.582329	-0.139408
20027	0.236773	0.584496	-0.137468
20037	0.230983	0.586655	-0.129384
20045	0.222148	0.589598	-0.129384
20056	0.216860	0.591640	-0.129384
20063	0.211695	0.593609	-0.129384
20076	0.206417	0.595836	-0.119578
20082	0.201475	0.598534	-0.110080
20090	0.198702	0.600382	-0.110080
20099	0.196376	0.602210	-0.110080
20109	0.194238	0.604063	-0.110080
20118	0.191741	0.605855	-0.110080
20127	0.188956	0.608684	-0.110080
20136	0.185718	0.610445	-0.100607
20145	0.182438	0.612208	-0.100607
20153	0.180486	0.613899	-0.100607
20162	0.179030	0.616302	-0.100607
20174	0.179694	0.618045	-0.100607
20185	0.180929	0.619760	-0.091050
20191	0.182566	0.621517	-0.091050
20198	0.188254	0.624257	-0.091050
20208	0.190760	0.626079	-0.091050
20216	0.193391	0.627894	-0.091050
20225	0.195680	0.629725	-0.091050
20236	0.200002	0.632394	-0.084389
20244	0.202281	0.634283	-0.084389
20252	0.205077	0.636178	-0.084983
20280	0.214001	0.643105	-0.077336
20298	0.219084	0.647114	-0.068244
20307	0.220420	0.649150	-0.068244
20316	0.224593	0.652350	-0.068244
20325	0.226302	0.654444	-0.068244
20334	0.227066	0.656520	-0.060885
20343	0.227140	0.658596	-0.060885
20351	0.226730	0.661561	-0.060885
20361	0.224884	0.663662	-0.060885
20371	0.222243	0.665747	-0.060885
20379	0.219095	0.667785	-0.053128
20387	0.213745	0.670938	-0.053128
20401	0.210365	0.672887	-0.043340
20408	0.207284	0.674825	-0.043340
20415	0.205026	0.676778	-0.043340
20423	0.201118	0.679469	-0.043340
20433	0.198075	0.681351	-0.035560
20442	0.194447	0.683228	-0.035560
20451	0.189911	0.685271	-0.035560
20459	0.185229	0.687032	-0.035560
20471	0.178539	0.689523	-0.035560
20478	0.175565	0.691202	-0.027342
20487	0.172539	0.692909	-0.027342
20496	0.168910	0.694537	-0.027342
20506	0.164562	0.696831	-0.027342
20514	0.161752	0.698613	-0.017824
20522	0.159374	0.700169	-0.017824
20541	0.152452	0.703865	-0.008662
20550	0.149397	0.705374	-0.008662
20560	0.146737	0.706869	-0.008662
20568	0.144358	0.708308	-0.008662
20576	0.139471	0.710462	-0.008662
20586	0.137328	0.711892	0.000559
20595	0.135504	0.713258	0.000559
20613	0.132377	0.716521	0.000559
20624	0.131345	0.717892	0.000559
20631	0.130590	0.719208	0.009613
20640	0.129435	0.720674	0.009613
20650	0.128713	0.722027	0.009613
20659	0.126895	0.723879	0.009613
20667	0.124750	0.725137	0.009613
20673	0.122281	0.726445	0.009613
20685	0.119244	0.727692	0.016327
20694	0.115070	0.729528	0.016327
20704	0.111248	0.730751	0.016327
20713	0.107986	0.731954	0.016327
20723	0.104951	0.733068	0.016327
20736	0.098852	0.734593	0.033135
20741	0.094274	0.735648	0.033135
20749	0.089753	0.736647	0.033135
20758	0.084869	0.737666	0.033135
20766	0.075645	0.738989	0.033135
20776	0.071443	0.739891	0.033135
20785	0.066934	0.740751	0.036264
20794	0.061792	0.741525	0.039061
20802	0.053305	0.742487	0.039061
20812	0.046790	0.743208	0.039061
20821	0.039311	0.743886	0.039061
20830	0.032603	0.744504	0.045068
20843	0.026351	0.745045	0.052125
20849	0.017487	0.745659	0.052125
20857	0.011627	0.746090	0.052125
20865	0.005525	0.746472	0.052125
20875	0.000776	0.746815	0.052125
20884	-0.007172	0.747051	0.057824
20893	-0.013059	0.747286	0.057824
20902	-0.020138	0.747446	0.057824
20911	-0.026590	0.747569	0.057824
20919	-0.031961	0.747485	0.057824
20931	-0.035277	0.747519	0.063653
20938	-0.035539	0.747504	0.063653
20957	-0.035889	0.747387	0.070197
20965	-0.035809	0.747378	0.070197
20974	-0.035345	0.747375	0.070197
20985	-0.034011	0.747442	0.081292
21011	-0.023812	0.747627	0.076419
21019	-0.020254	0.747784	0.076419
21028	-0.013120	0.747882	0.082471
21038	-0.008304	0.748083	0.082471
21046	-0.004506	0.748276	0.082471
21064	0.002616	0.748807	0.086958
21073	0.007790	0.749175	0.086958
21082	0.010836	0.749506	0.091475
