TIMESTAMPms	M1ATTITUDEyawspeed	M1ATTITUDEyaw	Rud
0	0.027588	0.701804	0.014529
9	0.024183	0.702042	0.014529
20	0.020337	0.702405	0.014529
28	0.017101	0.702640	0.014529
37	0.012916	0.702814	0.016976
46	0.006815	0.703063	0.016976
55	0.002090	0.703238	0.016976
68	-0.005774	0.703356	0.016976
74	-0.010629	0.703423	0.016976
81	-0.015570	0.703408	0.016976
91	-0.020849	0.703480	0.020556
100	-0.028807	0.703494	0.020556
108	-0.035084	0.703454	0.020556
117	-0.039504	0.703393	0.020556
123	-0.042023	0.703318	0.020556
135	-0.046785	0.703131	0.024452
147	-0.049098	0.703071	0.024452
154	-0.051294	0.703031	0.024452
163	-0.053176	0.702935	0.024452
175	-0.053874	0.702741	0.022977
181	-0.054819	0.702647	0.022977
190	-0.055204	0.702515	0.021173
199	-0.054111	0.702478	0.021173
208	-0.050335	0.702410	0.021173
217	-0.047330	0.702453	0.021173
226	-0.044011	0.702469	0.021173
235	-0.039411	0.702523	0.019361
245	-0.034972	0.702634	0.019361
253	-0.028330	0.702820	0.019361
262	-0.023757	0.702967	0.019361
271	-0.019237	0.703251	0.019361
293	-0.005411	0.703903	-0.300000
300	-0.000539	0.704203	-0.300000
307	0.004371	0.704525	-0.300000
319	0.008912	0.704851	-0.300000
326	0.017489	0.705330	-0.300000
335	0.024066	0.705713	-0.300000
355	0.037414	0.706878	-0.300000
363	0.050980	0.707847	-0.300000
371	0.064102	0.708577	-0.300000
379	0.083938	0.709356	-0.300000
388	0.108843	0.710372	-0.300000
398	0.151026	0.712168	-0.300000
408	0.177999	0.713696	-0.300000
415	0.196785	0.715355	-0.300000
425	0.208432	0.717396	-0.300000
434	0.216791	0.719184	-0.300000
443	0.228779	0.721994	-0.300000
451	0.235577	0.723921	-0.300000
461	0.242500	0.725944	-0.300000
470	0.248820	0.727991	-0.300000
477	0.263409	0.731419	-0.300000
489	0.271581	0.733606	-0.300000
496	0.278005	0.735840	-0.300000
508	0.285244	0.738198	-0.300000
515	0.298313	0.741793	-0.300000
523	0.305840	0.744260	-0.300000
535	0.312225	0.746780	-0.300000
542	0.318641	0.749372	-0.300000
550	0.330881	0.753673	-0.300000
556	0.336705	0.755915	-0.300000
569	0.341718	0.759195	-0.300000
577	0.345111	0.761961	-0.300000
586	0.351068	0.766147	-0.300000
596	0.355227	0.769032	-0.300000
605	0.357635	0.772352	-0.300000
618	0.358053	0.775275	-0.300000
625	0.358662	0.778237	-0.300000
632	0.359899	0.782607	-0.300000
637	0.360436	0.785574	-0.300000
646	0.360478	0.788591	-0.300000
659	0.360089	0.791598	-0.300000
668	0.359514	0.796616	-0.300000
677	0.359446	0.799641	-0.300000
686	0.359112	0.802763	-0.300000
695	0.358899	0.805835	-0.300000
703	0.360182	0.810413	-0.300000
713	0.361043	0.813541	-0.300000
726	0.361704	0.816640	-0.300000
732	0.363547	0.820355	-0.300000
740	0.365436	0.825082	-0.300000
749	0.366658	0.828327	-0.300000
757	0.368001	0.831542	-0.300000
768	0.370351	0.834843	-0.300000
776	0.372523	0.839724	-0.300000
786	0.373784	0.843105	-0.300000
794	0.375570	0.847095	-0.300000
803	0.376500	0.850467	-0.300000
812	0.377294	0.853812	-0.300000
821	0.379181	0.858858	-0.300000
830	0.380034	0.862217	-0.300000
840	0.382362	0.865689	-0.300000
849	0.384543	0.869148	-0.300000
856	0.390162	0.874854	-0.300000
868	0.395648	0.878337	-0.300000
876	0.401043	0.881899	-0.300000
884	0.406237	0.885405	-0.300000
894	0.415340	0.890845	-0.300000
902	0.421858	0.894537	-0.300000
911	0.427972	0.898242	-0.300000
916	0.430363	0.899671	-0.300000
925	0.435119	0.902659	-0.300000
938	0.449273	0.912158	-0.300000
949	0.454274	0.916047	-0.300000
956	0.458600	0.920040	-0.300000
965	0.462124	0.925957	-0.300000
974	0.463135	0.929920	-0.300000
985	0.465189	0.934557	-0.300000
993	0.466191	0.938549	-0.300000
1003	0.466092	0.942488	-0.300000
1011	0.464422	0.948442	-0.300000
1020	0.462929	0.952392	-0.300000
1028	0.461597	0.956277	-0.300000
1037	0.459715	0.960170	-0.300000
1048	0.455843	0.966589	-0.300000
1067	0.454637	0.974255	-0.300000
1073	0.453566	0.978075	-0.300000
1082	0.452337	0.983761	-0.300000
1092	0.452347	0.987582	-0.300000
1101	0.453127	0.991373	-0.300000
1110	0.454421	0.995861	-0.300000
1118	0.455825	1.001553	-0.300000
1128	0.456230	1.005431	-0.300000
1136	0.456990	1.009273	-0.300000
1146	0.458028	1.013144	-0.300000
1155	0.458655	1.016937	-0.300000
1173	0.457718	1.027212	-0.300000
1181	0.457969	1.031047	-0.300000
1190	0.457949	1.034868	-0.300000
1199	0.456531	1.040594	-0.300000
1209	0.456339	1.044439	-0.300000
1217	0.456329	1.048248	-0.300000
1227	0.456865	1.052113	-0.300000
1235	0.457261	1.058438	-0.300000
1245	0.458147	1.062284	-0.300000
1254	0.459694	1.066088	-0.300000
1263	0.460218	1.069960	-0.300000
1281	0.461549	1.079561	-0.300000
1289	0.462656	1.083421	-0.300000
1299	0.463720	1.087908	-0.300000
1308	0.462918	1.093571	-0.300000
1317	0.461410	1.097424	-0.300000
1327	0.459666	1.101220	-0.300000
1335	0.457009	1.105001	-0.300000
1344	0.454384	1.108750	-0.300000
1353	0.450873	1.114337	-0.300000
1362	0.447034	1.118600	-0.300000
1371	0.443253	1.122311	-0.300000
1388	0.434896	1.131356	-0.300000
1398	0.431949	1.134966	-0.300000
1410	0.428285	1.138558	-0.300000
1417	0.424775	1.142094	-0.300000
1425	0.420492	1.147880	-0.300000
1434	0.418120	1.151382	-0.300000
1443	0.416333	1.154830	-0.300000
1452	0.414586	1.158315	-0.300000
1462	0.411893	1.163489	-0.300000
1471	0.410363	1.166921	-0.300000
1479	0.408968	1.170310	-0.300000
1489	0.408722	1.174301	-0.300000
1499	0.407133	1.179357	-0.300000
1507	0.405475	1.182770	-0.300000
1515	0.404103	1.186132	-0.300000
1525	0.402051	1.189569	-0.300000
1533	0.399846	1.192958	-0.300000
1543	0.395582	1.198536	-0.300000
1551	0.392882	1.201829	-0.300000
1560	0.390256	1.205150	-0.300000
1569	0.387769	1.208460	-0.300000
1578	0.383945	1.213330	-0.300000
1588	0.381030	1.216522	-0.300000
1596	0.379510	1.219698	-0.300000
1609	0.376996	1.223472	-0.300000
1615	0.374817	1.228218	-0.300000
1624	0.373684	1.231395	-0.300000
1633	0.373093	1.234582	-0.300000
1641	0.372608	1.237723	-0.300000
1650	0.372289	1.242461	-0.300000
1660	0.371976	1.245617	-0.300000
1669	0.372545	1.249248	-0.300000
1677	0.373695	1.252395	-0.300000
1696	0.375490	1.260204	-0.300000
1705	0.376037	1.263387	-0.300000
1724	0.377742	1.269803	-0.300000
1731	0.379800	1.275101	-0.300000
1737	0.380103	1.278203	-0.300000
1749	0.378039	1.281387	-0.300000
1755	0.377614	1.283332	-0.300000
1768	0.377414	1.289280	-0.300000
1777	0.376501	1.292411	-0.300000
1786	0.375676	1.295563	-0.300000
1795	0.375392	1.298699	-0.300000
1803	0.372734	1.303831	-0.300000
1809	0.371530	1.306177	-0.300000
1827	0.369271	1.309991	-0.300000
1833	0.367176	1.313061	-0.300000
1839	0.365448	1.317642	-0.300000
1845	0.364261	1.320530	-0.300000
1858	0.361832	1.324249	-0.300000
1867	0.359779	1.327241	-0.300000
1877	0.355583	1.331814	-0.300000
1885	0.353226	1.334819	-0.300000
1894	0.350658	1.337764	-0.300000
1904	0.347969	1.340701	-0.300000
1912	0.345358	1.343583	-0.300000
1921	0.340959	1.348376	-0.300000
1930	0.337855	1.351190	-0.300000
1940	0.335882	1.354061	-0.300000
1948	0.334370	1.356876	-0.300000
1956	0.331682	1.361068	-0.300000
1968	0.330207	1.363831	-0.300000
1975	0.328469	1.366542	-0.300000
1984	0.327283	1.369803	-0.300000
1993	0.326257	1.373856	-0.300000
2002	0.324889	1.376664	-0.300000
2011	0.324178	1.379413	-0.300000
2020	0.324260	1.382165	-0.300000
2029	0.323605	1.386261	-0.300000
2038	0.324373	1.388951	-0.300000
2049	0.324239	1.392153	-0.300000
2057	0.323202	1.394882	-0.300000
2065	0.323891	1.398949	-0.300000
2074	0.324233	1.401645	-0.300000
2084	0.324537	1.404364	-0.300000
2092	0.325097	1.407048	-0.300000
2103	0.325798	1.409817	-0.300000
2111	0.327884	1.414380	-0.300000
2119	0.328083	1.417125	-0.300000
2128	0.326738	1.419858	-0.300000
2138	0.325241	1.422586	-0.300000
2147	0.322711	1.426588	-0.300000
2160	0.320477	1.429294	-0.300000
2167	0.318091	1.431988	-0.300000
2174	0.317269	1.435062	-0.300000
2182	0.318426	1.438983	-0.300000
2188	0.319008	1.440408	-0.300000
2194	0.320221	1.441647	-0.300000
2200	0.323370	1.444269	-0.300000
2206	0.325975	1.446454	-0.300000
2219	0.330749	1.451169	-0.300000
2227	0.332817	1.453942	-0.300000
2237	0.335332	1.457165	-0.300000
2246	0.336113	1.459988	-0.300000
2256	0.336298	1.462824	-0.300000
2269	0.340759	1.466998	-0.300000
2275	0.343987	1.469909	-0.300000
2282	0.346641	1.472760	-0.300000
2290	0.349925	1.475615	-0.300000
2296	0.354059	1.478000	-0.300000
2309	0.364592	1.483453	-0.300000
2319	0.368787	1.486522	-0.300000
2328	0.371181	1.489676	-0.300000
2335	0.374742	1.494272	-0.300000
2345	0.376686	1.497337	-0.300000
2354	0.376303	1.500406	-0.300000
2363	0.375726	1.504023	-0.300000
2377	0.377601	1.508606	-0.300000
2390	0.380357	1.514806	-0.300000
2399	0.380026	1.517904	-0.300000
2408	0.382286	1.522486	-0.300000
2416	0.384788	1.526101	-0.300000
2427	0.385833	1.529293	-0.300000
2435	0.386034	1.532413	-0.300000
2445	0.387546	1.537137	-0.300000
2454	0.386691	1.540348	-0.300000
2462	0.381883	1.543484	-0.300000
2471	0.377032	1.546530	-0.300000
2490	0.376550	1.554588	-0.300000
2498	0.374403	1.557669	-0.300000
2507	0.374109	1.560685	-0.300000
2517	0.375456	1.563723	-0.300000
2525	0.375483	1.568220	-0.300000
2534	0.364494	1.571172	-0.300000
2544	0.354534	1.574117	-0.300000
2552	0.358190	1.577457	-0.300000
2562	0.363424	1.581871	-0.300000
2570	0.356911	1.584787	-0.300000
2580	0.352556	1.587683	-0.300000
2588	0.355731	1.590525	-0.300000
2599	0.354178	1.594800	-0.300000
2607	0.342399	1.598160	-0.300000
2615	0.333233	1.600865	-0.300000
2625	0.335411	1.603656	-0.300000
2635	0.345266	1.607867	-0.300000
2642	0.341158	1.610675	-0.300000
2651	0.335849	1.613429	-0.300000
2661	0.334470	1.616181	-0.300000
2670	0.339577	1.619426	-0.300000
2679	0.336892	1.623562	-0.300000
2688	0.334440	1.626372	-0.300000
2696	0.338340	1.629154	-0.300000
2709	0.347407	1.631963	-0.300000
2715	0.348486	1.636263	-0.300000
2723	0.342089	1.639081	-0.300000
2736	0.340880	1.642386	-0.300000
2742	0.346517	1.645253	-0.300000
2750	0.354503	1.649529	-0.300000
2756	0.353023	1.652423	-0.300000
2765	0.352835	1.655150	-0.300000
2778	0.359175	1.658238	-0.300000
2788	0.363600	1.662724	-0.300000
2796	0.361171	1.666262	-0.300000
2805	0.360834	1.669208	-0.300000
2819	0.363395	1.672158	-0.300000
2832	0.363244	1.679540	-0.300000
2841	0.360717	1.682464	-0.300000
2850	0.361710	1.685380	-0.300000
2859	0.366293	1.688824	-0.300000
2868	0.365224	1.693264	-0.300000
2877	0.362433	1.696216	-0.300000
2886	0.362578	1.699131	-0.300000
2897	0.365174	1.702122	-0.300000
2905	0.363256	1.706553	-0.300000
2913	0.360086	1.709488	-0.300000
2926	0.358244	1.712860	-0.300000
2933	0.358950	1.715782	-0.300000
2940	0.355755	1.720066	-0.300000
2950	0.349495	1.722960	-0.300000
2959	0.345710	1.725812	-0.300000
2968	0.343913	1.728600	-0.300000
2976	0.339069	1.732711	-0.300000
2986	0.332188	1.735858	-0.300000
2994	0.326981	1.738432	-0.300000
3004	0.323923	1.741065	-0.300000
3012	0.320952	1.743607	-0.300000
3022	0.314055	1.747465	-0.300000
3039	0.304621	1.752454	-0.300000
3048	0.302208	1.755300	-0.300000
3058	0.297794	1.758850	-0.300000
3066	0.294786	1.761145	-0.300000
3076	0.293416	1.763495	-0.300000
3085	0.293253	1.765817	-0.300000
3093	0.292783	1.769291	-0.300000
3102	0.292279	1.772020	-0.300000
3114	0.292620	1.774442	-0.300000
3121	0.294396	1.776808	-0.300000
3130	0.296784	1.780438	-0.300000
3139	0.297906	1.782926	-0.300000
3149	0.299165	1.785320	-0.300000
3156	0.300604	1.787728	-0.300000
3165	0.303443	1.791333	-0.300000
3171	0.304415	1.793126	-0.300000
3184	0.304308	1.796633	-0.300000
3192	0.304259	1.799034	-0.300000
3203	0.305190	1.801531	-0.300000
3210	0.304596	1.805185	-0.300000
3219	0.304162	1.807621	-0.300000
3229	0.303433	1.810114	-0.300000
3238	0.302506	1.812989	-0.300000
3247	0.300088	1.816697	-0.300000
3260	0.297459	1.819171	-0.300000
3266	0.295631	1.821645	-0.300000
3274	0.294428	1.824080	-0.300000
3282	0.291189	1.827669	-0.300000
3292	0.289613	1.830120	-0.300000
3301	0.287910	1.832914	-0.300000
3310	0.284695	1.835361	-0.300000
3319	0.280191	1.838915	-0.300000
3328	0.277891	1.841347	-0.300000
3337	0.275118	1.843722	-0.300000
3346	0.272262	1.846024	-0.300000
3356	0.268282	1.849900	-0.300000
3369	0.265566	1.852188	-0.300000
3382	0.260495	1.856809	-0.300000
3392	0.258469	1.859121	-0.300000
3399	0.258638	1.862514	-0.300000
3411	0.259059	1.864871	-0.300000
3418	0.259015	1.867541	-0.300000
3428	0.258245	1.869899	-0.300000
3436	0.259901	1.873485	-0.300000
3445	0.261783	1.875875	-0.300000
3454	0.263416	1.878221	-0.300000
3464	0.265284	1.880632	-0.300000
3477	0.270081	1.884241	-0.300000
3491	0.277707	1.889616	-0.300000
3499	0.280563	1.892127	-0.300000
3508	0.286580	1.895915	-0.300000
3516	0.290211	1.898471	-0.300000
3527	0.293488	1.901072	-0.300000
3535	0.297421	1.903671	-0.300000
3544	0.304046	1.908139	-0.300000
3554	0.307431	1.910897	-0.300000
3563	0.310489	1.913625	-0.300000
3571	0.314199	1.916310	-0.300000
3591	0.325270	1.923238	-0.300000
3599	0.329993	1.926106	-0.300000
3608	0.336630	1.929413	-0.300000
3617	0.342510	1.932309	-0.300000
3625	0.351892	1.936672	-0.300000
3635	0.357629	1.939624	-0.300000
3644	0.363574	1.942575	-0.300000
3653	0.370641	1.945644	-0.300000
3663	0.382571	1.950358	-0.300000
3670	0.391381	1.954032	-0.300000
3679	0.398057	1.957154	-0.300000
3689	0.404116	1.960325	-0.300000
3701	0.413765	1.965145	-0.300000
3707	0.419393	1.968443	-0.300000
3716	0.424452	1.971754	-0.300000
3726	0.429608	1.975079	-0.300000
3734	0.436952	1.980673	-0.300000
3743	0.441001	1.984018	-0.300000
3752	0.443642	1.987384	-0.300000
3761	0.445427	1.990802	-0.300000
3770	0.447047	1.994159	-0.300000
3779	0.449424	1.999269	-0.300000
3788	0.450088	2.002640	-0.300000
3797	0.449927	2.006584	-0.300000
3809	0.450009	2.009917	-0.300000
3815	0.449669	2.015015	-0.300000
3824	0.448474	2.018362	-0.300000
3833	0.447166	2.021727	-0.300000
3842	0.445413	2.025039	-0.300000
3851	0.443234	2.030057	-0.300000
3860	0.441030	2.033937	-0.300000
3869	0.438915	2.037235	-0.300000
3932	0.406164	2.063504	-0.300000
3941	0.399017	2.066514	-0.300000
3950	0.391937	2.069499	-0.300000
3959	0.385731	2.072427	-0.300000
3969	0.376037	2.076850	-0.300000
3977	0.369482	2.079792	-0.300000
3986	0.361343	2.083108	-0.300000
3998	0.354723	2.085821	-0.300000
4005	0.345761	2.089905	-0.300000
4013	0.340228	2.092559	-0.300000
4027	0.334633	2.095200	-0.300000
4033	0.329914	2.097845	-0.300000
4040	0.324606	2.101782	-0.300000
4046	0.322180	2.103618	-0.300000
4055	0.319791	2.104781	-0.300000
4068	0.311736	2.109869	-0.300000
4076	0.309265	2.113751	-0.300000
4082	0.308075	2.115751	-0.300000
4094	0.305453	2.118866	-0.300000
4103	0.303694	2.121395	-0.300000
4113	0.302348	2.125649	-0.300000
4122	0.301392	2.128174	-0.300000
4140	0.299886	2.133336	-0.298162
4149	0.300633	2.135913	-0.298162
4157	0.301102	2.139888	-0.298162
4166	0.301541	2.142511	-0.298162
4176	0.303403	2.145585	-0.298162
4184	0.305188	2.148221	-0.298162
4194	0.308075	2.152334	-0.283475
4203	0.310446	2.155065	-0.283475
4212	0.313512	2.157848	-0.283475
4220	0.316875	2.160690	-0.283475
4229	0.322429	2.164966	-0.283475
4239	0.327475	2.168349	-0.268573
4251	0.331161	2.171225	-0.253460
4257	0.335094	2.174141	-0.253460
4266	0.341384	2.178623	-0.253460
4276	0.344874	2.181654	-0.253460
4283	0.348383	2.184711	-0.253460
4292	0.352910	2.187778	-0.238827
4304	0.358115	2.191380	-0.238827
4311	0.363344	2.196091	-0.238827
4320	0.366812	2.199234	-0.238827
4329	0.369730	2.202436	-0.238827
4338	0.372567	2.205582	-0.224294
4346	0.377277	2.210444	-0.224294
4360	0.381676	2.213656	-0.210353
4366	0.384748	2.217415	-0.210353
4374	0.387802	2.220642	-0.210353
4384	0.393487	2.225586	-0.210353
4392	0.396732	2.228904	-0.196905
4401	0.398344	2.232200	-0.196905
4410	0.400757	2.235500	-0.196905
4420	0.403125	2.241012	-0.196905
4428	0.404115	2.244238	-0.196905
4437	0.405589	2.247520	-0.182071
4447	0.406298	2.250817	-0.182071
4455	0.405289	2.255744	-0.182071
4473	0.406358	2.262170	-0.167202
4482	0.405006	2.265924	-0.167202
4491	0.402022	2.269100	-0.153554
4503	0.397271	2.273861	-0.153554
4509	0.394006	2.276972	-0.153554
4518	0.390839	2.279990	-0.153554
4527	0.387420	2.282982	-0.153554
4535	0.381864	2.287480	-0.140064
4546	0.377632	2.290865	-0.140064
4555	0.374523	2.293731	-0.140064
4563	0.371988	2.296581	-0.140064
4577	0.368796	2.300824	-0.140064
4662	0.342968	2.329944	-0.112403
4672	0.338892	2.332776	-0.112403
4690	0.332252	2.338716	-0.097117
4698	0.329770	2.341041	-0.097117
4708	0.326277	2.343289	-0.097117
4716	0.322554	2.345549	-0.097117
4726	0.318553	2.348936	-0.097117
4735	0.314992	2.351494	-0.097117
4743	0.312701	2.353631	-0.081437
4752	0.310297	2.355772	-0.081437
4761	0.304198	2.358976	-0.081437
4771	0.300011	2.361017	-0.081437
4780	0.296478	2.363055	-0.081437
4791	0.292390	2.365048	-0.064750
4799	0.286030	2.368461	-0.064750
4806	0.281888	2.370362	-0.064750
4816	0.277438	2.372181	-0.064750
4825	0.273502	2.373978	-0.064750
4834	0.268848	2.375758	-0.064750
4843	0.262432	2.378521	-0.046886
4852	0.257414	2.380275	-0.046886
4861	0.251401	2.382243	-0.046886
4870	0.246116	2.383866	-0.046886
