TIMESTAMPms	M1ATTITUDEyawspeed	M1ATTITUDEyaw	Rud
0	0.074230	-0.354724	-0.078952
9	0.076625	-0.354103	-0.078062
17	0.081475	-0.352861	-0.078062
25	0.084787	-0.352142	-0.078062
40	0.088382	-0.351405	-0.078062
46	0.091929	-0.350627	-0.078062
54	0.098202	-0.349364	-0.078062
62	0.102671	-0.348519	-0.077782
71	0.106379	-0.347683	-0.077782
80	0.109175	-0.346769	-0.077782
89	0.114046	-0.345142	-0.077782
100	0.117061	-0.344214	-0.077782
107	0.120723	-0.343259	-0.077455
117	0.123534	-0.342306	-0.077455
126	0.125844	-0.341299	-0.077455
135	0.130440	-0.339733	-0.077455
148	0.133319	-0.338690	-0.077455
153	0.136318	-0.337445	-0.077455
162	0.138105	-0.336382	-0.077862
171	0.141424	-0.334716	-0.077862
180	0.144095	-0.333647	-0.077862
189	0.145788	-0.332547	-0.077862
198	0.146886	-0.331465	-0.077862
206	0.149088	-0.329746	-0.078124
215	0.151263	-0.328416	-0.078124
225	0.152438	-0.327326	-0.078124
234	0.153445	-0.326202	-0.078124
242	0.155167	-0.324486	-0.078124
252	0.155736	-0.323385	-0.078370
266	0.156760	-0.322262	-0.078370
275	0.157548	-0.321138	-0.078363
288	0.160839	-0.318070	-0.078370
297	0.162491	-0.316943	-0.078370
306	0.163152	-0.315819	-0.078568
315	0.162799	-0.314669	-0.078568
328	0.162981	-0.312884	-0.078570
334	0.163883	-0.311763	-0.078568
341	0.165364	-0.310399	-0.078568
351	0.165902	-0.309261	-0.078568
360	0.167251	-0.307463	-0.078723
369	0.166900	-0.306296	-0.078723
378	0.166846	-0.305129	-0.078723
387	0.166729	-0.303957	-0.078723
397	0.166367	-0.302175	-0.078723
416	0.164664	-0.299644	-0.388567
423	0.164001	-0.298087	-0.388567
432	0.163982	-0.296942	-0.500000
441	0.164421	-0.295789	-0.500000
450	0.164006	-0.294659	-0.500000
460	0.163991	-0.292970	-0.500000
469	0.171334	-0.291583	-0.500000
480	0.184048	-0.290256	-0.500000
488	0.203790	-0.288922	-0.500000
526	0.335908	-0.277102	-0.500000
549	0.358449	-0.270546	-0.500000
558	0.365733	-0.267780	-0.500000
567	0.373763	-0.264961	-0.500000
576	0.385849	-0.260554	-0.500000
590	0.392400	-0.257597	-0.500000
595	0.398139	-0.254041	-0.500000
603	0.402919	-0.250971	-0.500000
612	0.412064	-0.246230	-0.500000
621	0.417789	-0.243008	-0.500000
632	0.422917	-0.239721	-0.500000
640	0.429414	-0.236452	-0.500000
648	0.438997	-0.231384	-0.500000
657	0.444255	-0.227376	-0.500000
667	0.447470	-0.223893	-0.500000
675	0.451310	-0.220332	-0.500000
684	0.456645	-0.214884	-0.500000
698	0.458643	-0.211245	-0.500000
711	0.461215	-0.203858	-0.500000
720	0.462215	-0.199448	-0.500000
730	0.463082	-0.193801	-0.500000
738	0.463582	-0.190013	-0.500000
750	0.465191	-0.186230	-0.500000
757	0.465660	-0.182434	-0.500000
765	0.465870	-0.176660	-0.500000
775	0.467140	-0.172838	-0.500000
784	0.469207	-0.168344	-0.500000
794	0.471428	-0.164536	-0.500000
801	0.474046	-0.158758	-0.500000
812	0.476454	-0.154952	-0.500000
820	0.479628	-0.151083	-0.500000
828	0.482880	-0.147050	-0.500000
837	0.487118	-0.140243	-0.500000
847	0.490328	-0.136092	-0.500000
857	0.492597	-0.131964	-0.500000
865	0.495156	-0.127843	-0.500000
874	0.497006	-0.121588	-0.500000
883	0.498129	-0.117466	-0.500000
892	0.499423	-0.113297	-0.500000
900	0.499710	-0.108425	-0.500000
910	0.499213	-0.104284	-0.500000
921	0.500440	-0.098074	-0.500000
928	0.501775	-0.093984	-0.500000
937	0.502717	-0.089861	-0.500000
948	0.503468	-0.085687	-0.500000
954	0.505084	-0.079375	-0.500000
964	0.507023	-0.075193	-0.500000
973	0.510591	-0.070273	-0.500000
982	0.512835	-0.066128	-0.500000
991	0.518204	-0.059694	-0.500000
1000	0.522259	-0.055433	-0.500000
1009	0.527124	-0.051107	-0.500000
1018	0.530380	-0.046721	-0.500000
1030	0.537551	-0.039393	-0.500000
1037	0.542254	-0.035016	-0.500000
1045	0.546516	-0.030555	-0.500000
1055	0.549228	-0.026087	-0.500000
1063	0.552584	-0.019369	-0.500000
1074	0.555582	-0.014893	-0.500000
1081	0.558856	-0.010375	-0.500000
1091	0.561827	-0.005874	-0.500000
1100	0.563593	-0.000516	-0.500000
1109	0.565610	0.006402	-0.500000
1117	0.566957	0.011042	-0.500000
1127	0.568374	0.015652	-0.500000
1140	0.570081	0.020304	-0.500000
1145	0.572073	0.027262	-0.500000
1154	0.573558	0.032690	-0.500000
1164	0.575588	0.037353	-0.500000
1171	0.577407	0.042056	-0.500000
1179	0.580709	0.049121	-0.500000
1199	0.584029	0.058544	-0.500000
1207	0.586287	0.063305	-0.500000
1218	0.589822	0.071247	-0.500000
1225	0.590476	0.076018	-0.500000
1248	0.592582	0.085594	-0.500000
1254	0.591878	0.092765	-0.500000
1262	0.591549	0.097564	-0.500000
1271	0.590865	0.102320	-0.500000
1279	0.590317	0.107105	-0.500000
1288	0.588827	0.112684	-0.500000
1298	0.586895	0.119776	-0.500000
1307	0.585754	0.124523	-0.500000
1316	0.585165	0.129234	-0.500000
1325	0.584843	0.133969	-0.500000
1334	0.584227	0.141025	-0.500000
1342	0.584439	0.146503	-0.500000
1352	0.585659	0.151225	-0.500000
1361	0.587318	0.155931	-0.500000
1369	0.589638	0.163023	-0.500000
1380	0.590987	0.167763	-0.500000
1389	0.593198	0.172528	-0.500000
1397	0.595363	0.177327	-0.500000
1405	0.599079	0.185337	-0.500000
1416	0.601813	0.190139	-0.500000
1424	0.604163	0.195004	-0.500000
1433	0.606277	0.199852	-0.500000
1442	0.608323	0.204743	-0.500000
1451	0.608494	0.212049	-0.500000
1460	0.608848	0.216947	-0.500000
1470	0.609128	0.222640	-0.500000
1478	0.609318	0.227528	-0.500000
1488	0.609935	0.234819	-0.500000
1496	0.609971	0.239684	-0.500000
1505	0.611201	0.244602	-0.500000
1514	0.612611	0.249563	-0.500000
1522	0.614421	0.256919	-0.500000
1532	0.614796	0.262690	-0.500000
1541	0.614714	0.267623	-0.500000
1550	0.615493	0.272549	-0.500000
1559	0.618257	0.279928	-0.500000
1568	0.620076	0.284859	-0.500000
1580	0.620207	0.289837	-0.500000
1586	0.620527	0.294809	-0.500000
1597	0.621762	0.303033	-0.500000
1605	0.623127	0.307992	-0.500000
1613	0.624107	0.312957	-0.500000
1622	0.623544	0.317944	-0.500000
1636	0.620944	0.325416	-0.500000
1650	0.618420	0.335377	-0.500000
1658	0.616088	0.341182	-0.500000
1712	0.601072	0.375406	-0.500000
1721	0.599250	0.381052	-0.500000
1731	0.597529	0.385865	-0.500000
1740	0.594825	0.390681	-0.500000
1748	0.593649	0.397827	-0.500000
1758	0.593536	0.402600	-0.500000
1767	0.593763	0.407441	-0.500000
1776	0.594216	0.412245	-0.500000
1784	0.594037	0.420267	-0.500000
1798	0.594179	0.425129	-0.500000
1804	0.593691	0.430010	-0.500000
1812	0.593678	0.434881	-0.500000
1821	0.592326	0.442048	-0.500000
1829	0.591770	0.446879	-0.500000
1839	0.591862	0.451708	-0.500000
1848	0.591460	0.457288	-0.500000
1856	0.590710	0.462121	-0.500000
1865	0.592323	0.469283	-0.500000
1875	0.594580	0.474085	-0.500000
1884	0.595548	0.478973	-0.500000
1893	0.596238	0.483777	-0.500000
1901	0.597583	0.491047	-0.500000
1913	0.600218	0.496743	-0.500000
1920	0.600940	0.501698	-0.500000
1929	0.601335	0.506618	-0.500000
1938	0.602606	0.513938	-0.500000
1947	0.603755	0.518897	-0.500000
1957	0.604719	0.523882	-0.500000
1964	0.605431	0.528841	-0.500000
1979	0.607396	0.537044	-0.500000
1993	0.606954	0.546978	-0.500000
2001	0.606660	0.551933	-0.500000
2022	0.605302	0.564200	-0.500000
2028	0.603840	0.569132	-0.500000
2038	0.601358	0.574798	-0.500000
2046	0.599142	0.579769	-0.500000
2056	0.597214	0.587121	-0.500000
2065	0.595648	0.592113	-0.500000
2073	0.592809	0.597105	-0.500000
2082	0.590361	0.602050	-0.500000
2091	0.586463	0.610015	-0.500000
2100	0.583631	0.614854	-0.500000
2109	0.580526	0.619646	-0.500000
2118	0.577951	0.624411	-0.500000
2131	0.574937	0.631422	-0.500000
2137	0.571938	0.636139	-0.500000
2145	0.568767	0.640799	-0.500000
2155	0.565118	0.645424	-0.500000
2163	0.560159	0.653019	-0.500000
2172	0.556846	0.657651	-0.500000
2181	0.553295	0.662259	-0.500000
2190	0.549648	0.666874	-0.500000
2199	0.546612	0.671414	-0.500000
2207	0.543586	0.678074	-0.500000
2219	0.540145	0.682554	-0.500000
2226	0.536402	0.687737	-0.500000
2245	0.533715	0.698737	-0.500000
2254	0.532116	0.703137	-0.500000
2262	0.530368	0.707555	-0.500000
2271	0.529604	0.711896	-0.500000
2299	0.529514	0.727773	-0.500000
2308	0.530202	0.732092	-0.500000
2318	0.531504	0.738530	-0.500000
2325	0.531368	0.742921	-0.500000
2334	0.531066	0.747380	-0.500000
2348	0.532860	0.752553	-0.500000
2355	0.534872	0.759139	-0.500000
2362	0.534608	0.763593	-0.500000
2433	0.532090	0.803946	-0.500000
2445	0.530523	0.808379	-0.500000
2461	0.525351	0.817236	-0.500000
2470	0.523532	0.824402	-0.500000
2478	0.522907	0.828741	-0.500000
2488	0.522201	0.833104	-0.500000
2497	0.521426	0.837494	-0.500000
2505	0.521304	0.843939	-0.500000
2516	0.521421	0.848297	-0.500000
2524	0.519648	0.852650	-0.500000
2533	0.517425	0.857671	-0.500000
2542	0.517392	0.864040	-0.500000
2550	0.517545	0.868350	-0.500000
2560	0.516534	0.872656	-0.500000
2571	0.515317	0.876958	-0.500000
2578	0.514291	0.881269	-0.500000
2587	0.512947	0.887679	-0.500000
2597	0.510246	0.892710	-0.500000
2605	0.507586	0.897051	-0.500000
2614	0.505644	0.901330	-0.500000
2623	0.504622	0.907642	-0.500000
2633	0.502936	0.911894	-0.500000
2641	0.500677	0.916175	-0.500000
2650	0.498870	0.920405	-0.500000
2662	0.496497	0.927280	-0.500000
2669	0.494935	0.931486	-0.500000
2687	0.492790	0.939839	-0.500000
2695	0.493217	0.945960	-0.500000
2704	0.494681	0.950141	-0.500000
2714	0.494759	0.954362	-0.500000
2722	0.494486	0.959239	-0.500000
2731	0.494518	0.963408	-0.500000
2741	0.493734	0.969576	-0.500000
2749	0.492838	0.973733	-0.500000
2758	0.492437	0.977913	-0.500000
2767	0.493120	0.982052	-0.500000
2777	0.493070	0.988189	-0.500000
2790	0.492269	0.992997	-0.500000
2795	0.491613	0.997142	-0.500000
2803	0.490387	1.001305	-0.500000
2812	0.489083	1.007366	-0.500000
2821	0.488517	1.011482	-0.500000
2831	0.488525	1.015590	-0.500000
2840	0.488392	1.019716	-0.500000
2849	0.485445	1.026411	-0.500000
2858	0.482083	1.030465	-0.500000
2867	0.482501	1.034529	-0.500000
2876	0.483753	1.038581	-0.500000
2884	0.484149	1.044560	-0.500000
2903	0.485530	1.052695	-0.500000
2912	0.486224	1.057435	-0.500000
2921	0.486034	1.061541	-0.500000
2929	0.484771	1.067505	-0.500000
2941	0.485979	1.071565	-0.500000
2948	0.487040	1.075662	-0.500000
2957	0.486676	1.079755	-0.500000
2965	0.483577	1.085714	-0.500000
2976	0.482002	1.090402	-0.500000
2983	0.481140	1.094452	-0.500000
2993	0.480090	1.098442	-0.500000
3001	0.476856	1.104337	-0.500000
3012	0.476328	1.108304	-0.500000
3020	0.476327	1.112307	-0.500000
3029	0.475669	1.116908	-0.500000
3039	0.473793	1.122762	-0.500000
3047	0.473557	1.126706	-0.500000
3056	0.473538	1.130682	-0.500000
3065	0.472838	1.134630	-0.500000
3074	0.470420	1.140463	-0.500000
3083	0.469348	1.144360	-0.500000
3092	0.468436	1.148906	-0.500000
3100	0.467394	1.152808	-0.500000
3182	0.449981	1.191449	-0.500000
3191	0.446997	1.196970	-0.500000
3200	0.445940	1.200705	-0.500000
3209	0.445790	1.204417	-0.500000
3218	0.445092	1.208142	-0.500000
3230	0.444046	1.214178	-0.500000
3237	0.443969	1.217895	-0.500000
3245	0.444437	1.221587	-0.500000
3257	0.444669	1.225302	-0.496617
3263	0.444337	1.229012	-0.496617
3272	0.445102	1.234447	-0.493957
3281	0.445957	1.238739	-0.493957
3291	0.446675	1.242441	-0.491866
3301	0.447507	1.246178	-0.491866
3308	0.448970	1.251679	-0.485358
3318	0.450499	1.255434	-0.485358
3326	0.452366	1.259176	-0.480242
3344	0.456502	1.269146	-0.471331
3354	0.457692	1.272973	-0.464325
3363	0.458852	1.276828	-0.464325
3371	0.459869	1.280640	-0.453197
3380	0.462043	1.286319	-0.453197
3389	0.464443	1.290180	-0.444448
3404	0.468506	1.298572	-0.432652
3417	0.470558	1.304296	-0.424774
3426	0.471056	1.308239	-0.423378
3435	0.471073	1.312122	-0.423378
3449	0.468549	1.316054	-0.410737
3454	0.465666	1.321763	-0.410737
3461	0.465780	1.325620	-0.396022
3471	0.467839	1.330129	-0.396022
3480	0.467418	1.334003	-0.384453
3489	0.466678	1.337876	-0.384453
3498	0.467293	1.343594	-0.375359
3507	0.469090	1.347465	-0.375359
3516	0.469766	1.351336	-0.362771
3525	0.469012	1.355229	-0.362771
3533	0.467898	1.361544	-0.352875
3545	0.466319	1.365422	-0.352875
3563	0.452547	1.372996	-0.345095
3570	0.443132	1.378442	-0.330580
3580	0.437999	1.382093	-0.330580
3588	0.432361	1.385671	-0.319168
3597	0.428173	1.389832	-0.319168
3606	0.426113	1.395022	-0.310197
3616	0.425513	1.398558	-0.310197
3624	0.423447	1.402079	-0.301393
3633	0.421103	1.405580	-0.301393
3642	0.418852	1.409058	-0.294472
3651	0.414594	1.414188	-0.294472
3661	0.411025	1.418191	-0.286174
3670	0.407127	1.421570	-0.278302
3696	0.398670	1.433154	-0.274523
3706	0.397226	1.436488	-0.274523
3715	0.395254	1.439792	-0.267657
3723	0.392319	1.445126	-0.262260
3734	0.389337	1.448373	-0.262260
3742	0.386332	1.451610	-0.258016
3750	0.383425	1.454838	-0.258016
3759	0.379526	1.459529	-0.251953
3768	0.378194	1.462720	-0.251953
3781	0.377224	1.465887	-0.241261
3788	0.376651	1.469579	-0.241261
3795	0.377066	1.474200	-0.232856
3804	0.376532	1.477372	-0.232856
3814	0.375524	1.480552	-0.222108
3822	0.373978	1.483693	-0.213658
3831	0.372500	1.486817	-0.213658
3840	0.370176	1.491899	-0.207015
3846	0.369220	1.495047	-0.207015
3859	0.367670	1.498124	-0.198019
3868	0.366321	1.501195	-0.198019
3877	0.363499	1.505728	-0.190946
3890	0.361236	1.508764	-0.180298
3896	0.359228	1.511837	-0.180298
3904	0.357384	1.514834	-0.171926
3912	0.356464	1.519785	-0.171926
3922	0.356017	1.522756	-0.161990
3931	0.355321	1.525794	-0.161990
3940	0.353682	1.528749	-0.154179
3948	0.349735	1.533111	-0.154179
3959	0.347560	1.536053	-0.150949
3967	0.345741	1.538949	-0.144314
3977	0.343917	1.542327	-0.136559
3985	0.342504	1.546586	-0.136559
3999	0.341862	1.549441	-0.130462
4005	0.341624	1.552289	-0.130462
4012	0.341772	1.555142	-0.130117
4116	0.318280	1.593099	-0.076699
4131	0.314923	1.595730	-0.076699
4139	0.311640	1.599491	-0.071816
4147	0.309705	1.602056	-0.071816
4156	0.306344	1.604961	-0.067978
4166	0.303020	1.607468	-0.067978
4174	0.299752	1.609901	-0.062249
4187	0.293405	1.613456	-0.059756
4193	0.288609	1.615845	-0.057746
4202	0.283262	1.618169	-0.057746
4211	0.279665	1.620448	-0.053756
4221	0.275289	1.624148	-0.050619
4228	0.272270	1.626372	-0.050619
4237	0.269022	1.628561	-0.048153
4246	0.265726	1.630747	-0.048153
4256	0.260294	1.633897	-0.046214
4264	0.256089	1.635993	-0.046214
4274	0.250823	1.638090	-0.043308
4282	0.245276	1.640113	-0.043308
4290	0.239725	1.643330	-0.044134
4355	0.210907	1.657562	-0.046912
4490	0.158113	1.684663	-0.034680
4778	0.153743	1.736143	0.046592
4941	0.087907	1.759419	0.098670
5040	0.069654	1.769954	0.109243
5049	0.067833	1.771104	0.109243
5058	0.065567	1.771914	0.111096
5067	0.064241	1.772681	0.115773
5076	0.063660	1.773488	0.120906
5084	0.063378	1.774371	0.120906
5093	0.063062	1.775449	0.124942
5104	0.063045	1.776196	0.124942
5111	0.062256	1.776910	0.135854
5122	0.060716	1.777658	0.144432
5130	0.056857	1.778705	0.144432
5139	0.055203	1.779388	0.151176
5148	0.053239	1.780045	0.151176
5157	0.049859	1.780643	0.156477
5165	0.043521	1.781502	0.156477
5175	0.040158	1.781944	0.162209
5184	0.036782	1.782399	0.162209
5193	0.033999	1.782795	0.166716
5203	0.029797	1.783347	0.170784
5220	0.022283	1.784043	0.170784
5230	0.019459	1.784339	0.173982
5239	0.015138	1.784678	0.173982
5247	0.011978	1.784925	0.176496
5256	0.007798	1.785111	0.176496
5265	0.004553	1.785297	0.179401
5274	0.000932	1.785415	0.179401
5284	-0.006402	1.785446	0.181684
5292	-0.012077	1.785409	0.181684
5301	-0.015873	1.785335	0.183479
5310	-0.019293	1.785208	0.183479
5321	-0.026401	1.784909	0.187981
5329	-0.030156	1.784724	0.187981
5338	-0.032860	1.784499	0.191520
5346	-0.034781	1.784243	0.191520
5356	-0.038115	1.783738	0.194302
5365	-0.041535	1.783465	0.194302
5374	-0.045051	1.783177	0.196524
5383	-0.047406	1.782845	0.196524
5392	-0.052620	1.782273	0.198271
5401	-0.057034	1.781880	0.198271
5409	-0.060297	1.781328	0.199394
5419	-0.061201	1.780844	0.199394
5431	-0.064516	1.780023	0.200277
5438	-0.066243	1.779469	0.200277
5446	-0.066504	1.778905	0.200972
5455	-0.067002	1.778340	0.200972
5463	-0.067642	1.777755	0.202995
5473	-0.070691	1.776736	0.204586
5482	-0.072396	1.776114	0.204586
5491	-0.074225	1.775525	0.205837
5500	-0.075575	1.774917	0.205837
5508	-0.078954	1.773940	0.207107
5517	-0.081943	1.773287	0.207107
