TIMESTAMPms	M1ATTITUDEyawspeed	M1ATTITUDEyaw	Rud
0	0.020428	-2.504623	0.067046
     9	0.024492	-2.504267	0.066297
    18	0.027417	-2.503898	0.066297
    27	0.032015	-2.503321	0.066297
    36	0.034969	-2.502890	0.066297
    44	0.036583	-2.502516	0.066297
    56	0.038085	-2.502198	0.066297
    62	0.039814	-2.501725	0.065744
    75	0.040517	-2.501353	0.065744
    86	0.039694	-2.500937	0.066296
    91	0.039492	-2.500491	0.066296
    99	0.039458	-2.499968	0.066296
   108	0.039512	-2.499803	0.067305
   118	0.038288	-2.499770	0.067305
   126	0.036113	-2.499783	0.067305
   136	0.032579	-2.499746	0.067305
   143	0.030824	-2.499728	0.067305
   149	0.029018	-2.499812	0.067305
   162	0.026345	-2.499890	0.068402
   171	0.019749	-2.500120	0.068402
   180	0.015630	-2.500245	0.068402
   198	0.007553	-2.500466	0.069871
   207	0.004432	-2.500713	0.068045
  216	-0.000931	-2.501410	0.068045
  226	-0.005314	-2.501983	0.068045
  235	-0.008947	-2.502626	0.068045
  243	-0.012730	-2.503233	0.068045
  253	-0.019279	-2.504050	0.068045
  261	-0.026218	-2.504694	0.066178
  270	-0.031124	-2.505321	0.066178
  280	-0.035132	-2.506055	0.066178
  288	-0.040543	-2.507143	0.066178
  298	-0.044721	-2.507900	0.066178
  307	-0.048793	-2.508639	0.063861
  316	-0.051840	-2.509425	0.063861
  324	-0.056194	-2.510749	0.063861
  332	-0.058677	-2.511547	0.063861
  343	-0.060937	-2.512449	0.063861
  351	-0.062454	-2.513324	0.063861
  362	-0.063554	-2.514612	0.062721
  370	-0.064730	-2.515468	0.062721
  379	-0.067434	-2.516458	0.062721
  387	-0.069444	-2.517313	0.062721
  398	-0.069843	-2.518253	0.062721
  405	-0.068923	-2.519640	0.062721
  419	-0.069082	-2.520586	0.059949
  426	-0.068075	-2.521544	0.059949
  432	-0.067780	-2.522477	0.059949
  441	-0.066523	-2.524075	0.059949
  453	-0.066076	-2.525055	0.059949
  460	-0.066919	-2.525985	0.058223
  469	-0.067393	-2.526937	0.058223
  479	-0.066151	-2.528383	0.058223
  486	-0.066513	-2.529390	0.058223
  499	-0.066621	-2.530469	0.058223
  505	-0.065491	-2.531754	0.058375
  537	-0.062893	-2.535310	0.058475
  549	-0.062009	-2.537203	0.056483
  559	-0.060757	-2.538651	0.054354
  567	-0.059309	-2.539606	0.054354
  577	-0.058517	-2.540290	0.054354
  586	-0.056907	-2.541011	0.054354
  595	-0.054198	-2.542233	0.054354
  604	-0.052822	-2.542999	0.054354
  613	-0.052350	-2.543713	0.051889
  622	-0.050704	-2.544326	0.049427
  694	-0.033055	-2.547596	0.049361
  703	-0.031684	-2.547705	0.049361
  712	-0.030992	-2.547665	0.046266
  721	-0.031955	-2.547401	0.046266
  730	-0.032817	-2.547104	0.046266
  748	-0.035356	-2.547184	0.046266
  757	-0.036938	-2.547219	0.042754
  766	-0.038849	-2.547191	0.042754
  775	-0.039873	-2.547148	0.042754
 1487	-0.689308	-2.751608	0.750000
 1497	-0.693417	-2.757328	0.750000
 1506	-0.697290	-2.766999	0.750000
 1518	-0.700337	-2.772777	0.750000
 1524	-0.703281	-2.778681	0.750000
 1532	-0.705041	-2.784561	0.750000
 1542	-0.706128	-2.793471	0.750000
 1551	-0.705453	-2.799389	0.750000
 1560	-0.705127	-2.805281	0.750000
 1568	-0.704418	-2.812174	0.750000
 1579	-0.704559	-2.818062	0.750000
 1586	-0.703707	-2.826952	0.750000
 1596	-0.704452	-2.832849	0.750000
 1605	-0.705563	-2.838750	0.750000
 1614	-0.707270	-2.844597	0.750000
 1627	-0.707869	-2.853583	0.750000
 1633	-0.707717	-2.860573	0.750000
 1640	-0.708283	-2.866539	0.750000
 1650	-0.709617	-2.872517	0.750000
 1660	-0.711796	-2.881484	0.750000
 1668	-0.712331	-2.887431	0.750000
 1704	-0.710144	-2.915292	0.750000
 1713	-0.708035	-2.921185	0.750000
 1722	-0.705837	-2.926921	0.750000
 1736	-0.702233	-2.935544	0.750000
 1749	-0.695427	-2.947001	0.750000
 1758	-0.692281	-2.953693	0.750000
 1768	-0.689022	-2.959356	0.750000
 1775	-0.685050	-2.967850	0.750000
 1784	-0.682018	-2.973439	0.750000
 1803	-0.677892	-2.984546	0.750000
 1811	-0.676549	-2.993810	0.750000
 1821	-0.677096	-2.999130	0.750000
 1831	-0.679022	-3.004471	0.750000
 1839	-0.683081	-3.009851	0.750000
 1848	-0.691399	-3.018112	0.750000
 1857	-0.698537	-3.023618	0.750000
 1866	-0.706722	-3.029170	0.750000
 1874	-0.714611	-3.034790	0.750000
 1885	-0.727328	-3.044326	0.750000
 1892	-0.735645	-3.050054	0.750000
 1902	-0.742157	-3.055838	0.750000
 1911	-0.748359	-3.061656	0.750000
 1920	-0.755001	-3.067503	0.750000
 1929	-0.766232	-3.077476	0.750000
 1940	-0.772014	-3.083417	0.750000
 1947	-0.777706	-3.089392	0.750000
 1957	-0.783039	-3.095428	0.750000
 1965	-0.790103	-3.104549	0.750000
 1974	-0.793378	-3.110516	0.750000
 1983	-0.796843	-3.116519	0.750000
 1993	-0.800092	-3.122580	0.750000
 2000	-0.804438	-3.132977	0.750000
 2012	-0.806324	-3.139078	0.750000
 2019	-0.808145	-3.145259	0.750000
 2029	-0.807833	-3.151402	0.750000
 2037	-0.805418	-3.160702	0.750000
 2047	-0.803033	-3.166813	0.750000
 2055	-0.799674	-3.172836	0.750000
 2067	-0.794638	-3.179906	0.750000
 2073	-0.789953	-3.185914	0.750000
 2081	-0.783222	-3.194905	0.750000
 2092	-0.778185	-3.200731	0.750000
 2101	-0.772447	-3.206532	0.750000
 2109	-0.765524	-3.212297	0.750000
 2119	-0.756713	-3.220899	0.750000
 2128	-0.749653	-3.227489	0.750000
 2136	-0.742778	-3.233029	0.750000
 2146	-0.737244	-3.238494	0.750000
 2156	-0.732402	-3.246699	0.750000
 2163	-0.731418	-3.252085	0.750000
 2177	-0.731549	-3.257476	0.750000
 2183	-0.732290	-3.262869	0.750000
 2190	-0.737257	-3.272118	0.750000
 2200	-0.743381	-3.277572	0.750000
 2209	-0.751523	-3.283030	0.750000
 2217	-0.759975	-3.288644	0.750000
 2226	-0.774849	-3.297352	0.750000
 2235	-0.786089	-3.303193	0.750000
 2245	-0.795636	-3.309180	0.750000
 2254	-0.806487	-3.316273	0.750000
 2264	-0.819389	-3.325607	0.750000
 2272	-0.825053	-3.331815	0.750000
 2290	-0.841898	-3.344575	0.750000
 2299	-0.849074	-3.351028	0.750000
 2309	-0.856339	-3.360938	0.750000
 2318	-0.863974	-3.368712	0.750000
 2326	-0.870491	-3.375418	0.750000
 2335	-0.874314	-3.382057	0.750000
 2343	-0.876278	-3.392316	0.750000
 2355	-0.879522	-3.399114	0.750000
 2362	-0.882042	-3.405925	0.750000
 2371	-0.881449	-3.412798	0.750000
 2380	-0.874334	-3.424243	0.750000
 2389	-0.870016	-3.431015	0.750000
 2399	-0.864047	-3.437702	0.750000
 2407	-0.855304	-3.444371	0.750000
 2416	-0.837668	-3.454315	0.750000
 2425	-0.824579	-3.460750	0.750000
 2434	-0.811264	-3.467047	0.750000
 2443	-0.795072	-3.474330	0.750000
 2452	-0.777936	-3.480334	0.750000
 2460	-0.751831	-3.489261	0.750000
 2471	-0.736370	-3.494858	0.750000
 2479	-0.720335	-3.500317	0.750000
 2488	-0.702930	-3.505624	0.750000
 2497	-0.673074	-3.514393	0.750000
 2508	-0.657112	-3.519298	0.750000
 2515	-0.643527	-3.523983	0.750000
 2524	-0.630006	-3.528667	0.750000
 2533	-0.609949	-3.535709	0.750000
 2542	-0.597606	-3.540098	0.750000
 2551	-0.586127	-3.544499	0.750000
 2561	-0.572348	-3.549418	0.750000
 2570	-0.555399	-3.555670	0.750000
 2578	-0.546902	-3.559644	0.750000
 2587	-0.539612	-3.563541	0.750000
 2596	-0.530716	-3.567334	0.750000
 2605	-0.518070	-3.573169	0.750000
 2619	-0.511845	-3.576737	0.750000
 2626	-0.508158	-3.580981	0.750000
 2632	-0.506023	-3.584574	0.750000
 2641	-0.504158	-3.588183	0.750000
 2649	-0.503717	-3.593749	0.750000
 2656	-0.506809	-3.597294	0.750000
 2669	-0.510467	-3.600880	0.750000
 2678	-0.514466	-3.604579	0.750000
 2687	-0.522307	-3.610939	0.750000
 2695	-0.529023	-3.614666	0.750000
 2704	-0.536828	-3.618505	0.750000
 2714	-0.544106	-3.622362	0.750000
 2726	-0.555832	-3.628552	0.750000
 2732	-0.564355	-3.632525	0.750000
 2741	-0.573468	-3.636648	0.750000
 2750	-0.581526	-3.640798	0.750000
 2758	-0.592651	-3.648138	0.750000
 2767	-0.600951	-3.652495	0.750000
 2776	-0.608773	-3.656910	0.750000
 2786	-0.615232	-3.661341	0.750000
 2795	-0.621722	-3.668238	0.750000
 2804	-0.624424	-3.672837	0.750000
 2813	-0.625324	-3.678197	0.750000
 2821	-0.623900	-3.682786	0.750000
 2835	-0.618387	-3.687376	0.750000
 2840	-0.602463	-3.694188	0.750000
 2849	-0.590939	-3.698583	0.750000
 2859	-0.578509	-3.702781	0.750000
 2867	-0.564486	-3.706871	0.750000
 2875	-0.541151	-3.713816	0.750000
 2887	-0.527510	-3.717714	0.750000
 2894	-0.513911	-3.721414	0.750000
 2903	-0.501668	-3.725110	0.750000
 2912	-0.487564	-3.730545	0.750000
 2922	-0.480776	-3.733930	0.750000
 2930	-0.476685	-3.737384	0.750000
 2938	-0.473606	-3.741458	0.750000
 2948	-0.473536	-3.746755	0.750000
 2957	-0.475944	-3.750114	0.750000
 2966	-0.479514	-3.753508	0.750000
 2975	-0.484414	-3.757002	0.750000
 2984	-0.490625	-3.760482	0.750000
 2992	-0.502365	-3.766092	0.750000
 3002	-0.511023	-3.770453	0.750000
 3011	-0.518638	-3.774236	0.750000
 3020	-0.526962	-3.778018	0.750000
 3030	-0.539289	-3.784007	0.750000
 3038	-0.547572	-3.788025	0.750000
 3047	-0.556230	-3.792166	0.750000
 3059	-0.564779	-3.796304	0.750000
 3066	-0.580900	-3.803636	0.750000
 3074	-0.592501	-3.807917	0.750000
 3083	-0.604026	-3.812300	0.750000
 3092	-0.615840	-3.816868	0.750000
 3101	-0.633985	-3.824042	0.750000
 3110	-0.646873	-3.828842	0.750000
 3120	-0.659049	-3.833674	0.750000
 3128	-0.672154	-3.839602	0.750000
 3138	-0.685788	-3.847293	0.750000
 3147	-0.692700	-3.852403	0.750000
 3155	-0.697663	-3.857641	0.750000
 3167	-0.700638	-3.862884	0.740137
 3174	-0.701606	-3.870821	0.740137
 3182	-0.699934	-3.877000	0.740137
 3192	-0.694977	-3.882142	0.740137
 3201	-0.687200	-3.887188	0.740137
 3209	-0.676609	-3.892263	0.737801
 3236	-0.627241	-3.909328	0.723301
 3246	-0.608743	-3.914629	0.723301
 3254	-0.585004	-3.921391	0.723301
 3264	-0.568451	-3.925531	0.682052
 3277	-0.552273	-3.929611	0.635042
 3282	-0.536973	-3.933542	0.635042
 3291	-0.515004	-3.939533	0.635042
 3300	-0.501362	-3.943196	0.635042
 3309	-0.488176	-3.946662	0.590016
 3318	-0.473682	-3.950790	0.590016
 3327	-0.457036	-3.956100	0.590016
 3336	-0.446176	-3.959408	0.590016
 3344	-0.436349	-3.962725	0.590016
 3354	-0.427891	-3.965885	0.590016
 3363	-0.419083	-3.968981	0.545778
 3371	-0.402785	-3.974441	0.545778
 3385	-0.392616	-3.977460	0.499750
 3392	-0.382123	-3.980326	0.499750
 3399	-0.372295	-3.983312	0.499750
 3408	-0.362529	-3.987748	0.464520
 3417	-0.358782	-3.990550	0.464520
 3426	-0.356916	-3.993413	0.464520
 3434	-0.357925	-3.996879	0.464520
 3445	-0.364768	-4.001364	0.464520
 3452	-0.369875	-4.004395	0.464520
 3462	-0.373107	-4.007375	0.426467
 3471	-0.376165	-4.010470	0.426467
 3481	-0.383294	-4.015295	0.426467
 3489	-0.390640	-4.018494	0.426467
 3498	-0.400051	-4.022394	0.381548
 3507	-0.408553	-4.025671	0.381548
 3516	-0.418470	-4.029135	0.339506
 3525	-0.436482	-4.034562	0.339506
 3534	-0.448332	-4.038273	0.339506
 3543	-0.460493	-4.041984	0.339506
 3552	-0.473166	-4.045935	0.339506
 3560	-0.490088	-4.052938	0.298372
 3570	-0.497211	-4.056982	0.298372
 3580	-0.504162	-4.061189	0.298372
 3588	-0.510259	-4.065347	0.298372
 3597	-0.518624	-4.071922	0.298372
 3608	-0.524494	-4.076160	0.214385
 3615	-0.529612	-4.080513	0.214385
 3624	-0.534918	-4.085675	0.214385
 3633	-0.542092	-4.092263	0.214385
 3643	-0.546080	-4.096551	0.214385
 3651	-0.549476	-4.100857	0.214385
 3663	-0.550632	-4.105072	0.175514
 3669	-0.547863	-4.111689	0.175514
 3678	-0.544617	-4.115979	0.175514
 3688	-0.537898	-4.120860	0.175514
 3696	-0.528253	-4.124924	0.175514
 3706	-0.519096	-4.128862	0.175514
 3719	-0.505472	-4.134791	0.137171
 3728	-0.495264	-4.138619	0.133852
 3734	-0.486078	-4.142285	0.137171
 3742	-0.478078	-4.145815	0.137171
 3751	-0.466342	-4.151695	0.137171
 3760	-0.457005	-4.154900	0.101703
 3768	-0.446915	-4.158155	0.101703
 3777	-0.437171	-4.161328	0.101703
 3786	-0.418447	-4.165959	0.101703
 3796	-0.403775	-4.168744	0.101703
 3804	-0.388863	-4.171504	0.101703
 3814	-0.372645	-4.174502	0.064443
 3827	-0.352471	-4.178378	0.025285
 3833	-0.339290	-4.180713	0.025285
 3841	-0.326345	-4.182948	0.025285
 3850	-0.314582	-4.184986	0.025285
 3860	-0.303308	-4.187012	0.007903
 3867	-0.284589	-4.190441	0.007903
 3877	-0.272579	-4.192140	0.007903
 3885	-0.260016	-4.193821	0.007903
 3894	-0.246741	-4.195370	0.007903
 3904	-0.227330	-4.197697	0.007903
 3912	-0.215428	-4.199083	0.056416
 3922	-0.205113	-4.200258	0.056416
 3935	-0.195570	-4.201472	0.133501
 3948	-0.178591	-4.204463	0.133501
 3957	-0.175524	-4.205462	0.133501
 3967	-0.173551	-4.206328	0.154487
 3985	-0.170672	-4.208728	0.198922
 3994	-0.168576	-4.209527	0.198922
 4002	-0.165994	-4.210649	0.198922
 4011	-0.162154	-4.212229	0.267168
 4021	-0.162084	-4.213064	0.267168
 4030	-0.166271	-4.214037	0.267168
 4040	-0.171943	-4.214917	0.267168
 4050	-0.178315	-4.215902	0.267168
 4057	-0.191149	-4.217630	0.267168
 4065	-0.197952	-4.219059	0.335082
 4075	-0.199822	-4.220189	0.335082
 4084	-0.201623	-4.221409	0.335082
 4094	-0.206381	-4.223270	0.335082
 4102	-0.208516	-4.224321	0.335082
 4111	-0.210909	-4.225511	0.402615
 4120	-0.215646	-4.226817	0.402615
 4138	-0.232869	-4.230599	0.402615
 4147	-0.236872	-4.232024	0.402615
 4158	-0.238187	-4.233312	0.614512
 4165	-0.241282	-4.235611	0.614512
 4183	-0.247243	-4.238393	0.614512
 4192	-0.251611	-4.240059	0.614512
 4202	-0.259183	-4.242096	0.614512
 4210	-0.268432	-4.243388	0.712411
 4219	-0.279685	-4.244903	0.712411
 4228	-0.293064	-4.246522	0.712411
 4237	-0.305811	-4.248310	0.712411
 4246	-0.319122	-4.251487	0.712411
 4256	-0.323357	-4.253240	0.712411
 4267	-0.325563	-4.255165	0.690633
 4274	-0.326742	-4.257082	0.690633
 4282	-0.331977	-4.260175	0.690633
 4288	-0.337761	-4.262139	0.690633
 4301	-0.343642	-4.264168	0.690633
 4311	-0.348242	-4.266676	0.594433
 4319	-0.349777	-4.269903	0.594433
 4328	-0.348361	-4.271983	0.594433
 4336	-0.344960	-4.274042	0.594433
 4345	-0.340477	-4.276088	0.594433
 4355	-0.332789	-4.279187	0.594433
 4364	-0.328250	-4.281142	0.528659
 4377	-0.323513	-4.283466	0.441832
 4383	-0.318718	-4.285335	0.441832
 4390	-0.310953	-4.288274	0.441832
 4399	-0.306086	-4.290114	0.441832
 4409	-0.301099	-4.291783	0.356884
 4418	-0.296060	-4.293523	0.356884
 4428	-0.288190	-4.295597	0.356884
 4437	-0.273288	-4.298309	0.356884
 4445	-0.260892	-4.299956	0.356884
 4453	-0.247640	-4.301539	0.356884
 4463	-0.232408	-4.303077	0.273957
 4472	-0.213124	-4.305509	0.273957
 4490	-0.193819	-4.308109	0.059480
 4499	-0.184689	-4.309694	0.059480
 4507	-0.175371	-4.311838	0.059480
 4519	-0.169051	-4.313101	0.051162
 4526	-0.161137	-4.314018	0.051162
 4535	-0.151988	-4.315005	0.051162
 4543	-0.135551	-4.316918	0.051162
 4553	-0.123437	-4.318020	0.051162
 4562	-0.108636	-4.319370	0.042591
 4571	-0.092249	-4.320419	0.042591
 4580	-0.068144	-4.321953	0.042591
 4589	-0.057743	-4.322778	0.042591
 4599	-0.050443	-4.323633	0.031111
 4607	-0.044459	-4.324408	0.031111
 4616	-0.041611	-4.325228	0.019819
 4634	-0.045579	-4.327740	0.019819
 4643	-0.047325	-4.328593	0.019819
 4652	-0.048482	-4.329425	0.019819
 4661	-0.052012	-4.330981	0.008752
 4670	-0.053588	-4.331942	0.008752
 4688	-0.054821	-4.334099	0.008752
 4698	-0.059376	-4.335663	0.008752
4708	-0.063550	-4.336571	-0.002188
4715	-0.068421	-4.337528	-0.002188
4724	-0.074269	-4.338526	-0.002188
4735	-0.085213	-4.340120	-0.002188
4743	-0.094978	-4.341302	-0.002188
4751	-0.103295	-4.342336	-0.002188
4761	-0.111250	-4.343295	-0.009773
4769	-0.122158	-4.344985	-0.009773
4778	-0.130167	-4.346018	-0.009773
4788	-0.136151	-4.347015	-0.009773
4797	-0.140898	-4.347971	-0.009773
4805	-0.145676	-4.348962	-0.009773
4818	-0.153792	-4.350759	-0.027484
4824	-0.158371	-4.351694	-0.027484
4832	-0.160918	-4.352605	-0.027484
4842	-0.162638	-4.353436	-0.027484
4851	-0.163661	-4.354776	-0.027484
4860	-0.162165	-4.355530	-0.034861
4869	-0.159545	-4.356156	-0.034861
4877	-0.151978	-4.356917	-0.034861
4886	-0.140832	-4.357782	-0.034861
4897	-0.132008	-4.358103	-0.034861
4905	-0.121569	-4.358360	-0.034861
4914	-0.111847	-4.358451	-0.036143
4969	-0.023923	-4.357161	-0.054257
4978	-0.009924	-4.356378	-0.054257
 4986	0.003362	-4.355515	-0.054257
 4995	0.018978	-4.354419	-0.054257
 5004	0.039277	-4.353188	-0.054257
 5015	0.053414	-4.352162	-0.058896
 5022	0.067588	-4.351023	-0.058896
 5042	0.104544	-4.347504	-0.066876
 5050	0.115074	-4.346067	-0.066876
 5059	0.128385	-4.344376	-0.074673
 5067	0.140159	-4.342765	-0.074673
 5075	0.156820	-4.340416	-0.074673
 5087	0.166440	-4.338641	-0.074673
 5094	0.174809	-4.336794	-0.074673
 5103	0.182151	-4.334908	-0.074673
 5113	0.191757	-4.332237	-0.082362
 5122	0.199031	-4.329939	-0.082362
 5130	0.203148	-4.327867	-0.082362
 5139	0.206728	-4.325736	-0.082362
 5148	0.210437	-4.322881	-0.082362
 5157	0.212712	-4.320843	-0.082362
 5167	0.213789	-4.318909	-0.089910
 5175	0.214518	-4.316947	-0.089910
 5184	0.215127	-4.314756	-0.089910
 5198	0.217631	-4.312099	-0.088777
 5204	0.218102	-4.310198	-0.089910
 5211	0.216606	-4.308337	-0.095007
 5221	0.215577	-4.306486	-0.095007
 5229	0.215007	-4.303738	-0.095007
 5238	0.214111	-4.301797	-0.095007
 5247	0.211633	-4.299644	-0.095007
 5258	0.208967	-4.297825	-0.095007
 5265	0.203468	-4.295356	-0.100067
 5274	0.200090	-4.293607	-0.100067
 5284	0.196704	-4.291856	-0.100067
 5292	0.193164	-4.290182	-0.100067
 5301	0.187283	-4.287927	-0.100067
 5310	0.183474	-4.286172	-0.105040
 5319	0.180086	-4.284687	-0.105040
 5329	0.176664	-4.283156	-0.105040
 5337	0.173641	-4.281658	-0.105040
 5347	0.170190	-4.279557	-0.105040
 5355	0.168778	-4.278102	-0.105040
 5368	0.166893	-4.276573	-0.109746
 5375	0.164268	-4.274893	-0.109746
 5384	0.162589	-4.272797	-0.109746
 5392	0.161736	-4.271219	-0.109746
 5401	0.160886	-4.269693	-0.109746
 5410	0.160579	-4.268139	-0.114333
 5418	0.162625	-4.266036	-0.114333
 5430	0.164039	-4.264489	-0.114333
 5437	0.165260	-4.262760	-0.114333
 5446	0.166954	-4.261231	-0.114333
 5455	0.170661	-4.258886	-0.114333
 5464	0.173684	-4.257155	-0.118713
 5477	0.176461	-4.255468	-0.118713
 5483	0.179604	-4.253661	-0.118713
 5491	0.186354	-4.250902	-0.118713
 5499	0.190370	-4.249107	-0.118713
 5511	0.194655	-4.247193	-0.120356
 5518	0.197730	-4.245302	-0.120356
 5527	0.200717	-4.243358	-0.120356
 5536	0.205377	-4.240573	-0.120356
 5544	0.208710	-4.238607	-0.120356
 5559	0.211157	-4.236731	-0.121979
 5571	0.211298	-4.231938	-0.121979
 5586	0.211749	-4.230065	-0.127267
 5591	0.211286	-4.228168	-0.127267
 5599	0.209976	-4.226317	-0.127267
 5607	0.207956	-4.223771	-0.127267
 5617	0.206866	-4.221721	-0.132400
 5626	0.204822	-4.219979	-0.132400
 5635	0.201663	-4.218173	-0.132400
 5645	0.197767	-4.215642	-0.132400
 5653	0.195399	-4.213927	-0.132400
 5662	0.192244	-4.212243	-0.137348
 5671	0.187551	-4.210606	-0.137348
 5681	0.181094	-4.208063	-0.137348
 5689	0.179380	-4.206497	-0.137348
 5700	0.176303	-4.204982	-0.137348
 5708	0.172167	-4.203351	-0.137348
 5716	0.168251	-4.201750	-0.142337
 5725	0.162848	-4.199528	-0.142337
 5735	0.158858	-4.197978	-0.142337
 5743	0.152941	-4.196296	-0.142337
 5753	0.146549	-4.194752	-0.142337
 5762	0.137131	-4.192710	-0.147236
 5771	0.132370	-4.191255	-0.147236
 5779	0.127509	-4.189842	-0.147236
 5788	0.121472	-4.188474	-0.147236
 5798	0.113433	-4.186609	-0.147236
 5809	0.108710	-4.185190	-0.152674
 5816	0.104937	-4.183945	-0.157311
 5824	0.098396	-4.182804	-0.160977
 5833	0.090353	-4.181207	-0.160977
 5842	0.086986	-4.180103	-0.160977
 5851	0.083799	-4.179026	-0.160977
 5861	0.080385	-4.177896	-0.167739
 5870	0.078158	-4.176595	-0.167739
 5878	0.078144	-4.175067	-0.166813
 5969	0.083275	-4.162293	-0.179189
 5978	0.085031	-4.161024	-0.179189
 5986	0.089118	-4.159239	-0.179189
 5995	0.091858	-4.157738	-0.179189
 6004	0.093545	-4.156386	-0.179189
 6032	0.099918	-4.151522	-0.180942
 6041	0.099876	-4.150034	-0.180942
 6049	0.098721	-4.148537	-0.180942
 6059	0.096786	-4.146946	-0.181080
 6069	0.094982	-4.144992	-0.181080
 6077	0.094223	-4.143654	-0.181080
 6086	0.094140	-4.142286	-0.181080
 6095	0.094007	-4.140863	-0.181080
 6103	0.097205	-4.138883	-0.181080
 6112	0.100351	-4.137292	-0.181063
 6122	0.102372	-4.135898	-0.181063
 6135	0.104371	-4.134491	-0.181063
 6141	0.106818	-4.132406	-0.181063
 6149	0.108057	-4.130941	-0.181063
 6158	0.109808	-4.129480	-0.181105
 6167	0.112355	-4.128050	-0.181105
 6175	0.117471	-4.125740	-0.181105
 6185	0.122445	-4.124292	-0.181105
 6194	0.126570	-4.122843	-0.181105
 6203	0.131113	-4.121307	-0.181105
 6212	0.136850	-4.119108	-0.179053
 6222	0.141963	-4.117545	-0.179053
 6230	0.146923	-4.115976	-0.179053
 6239	0.151673	-4.114115	-0.179053
 6249	0.155247	-4.112472	-0.179053
 6258	0.160376	-4.110102	-0.179053
 6266	0.163286	-4.108480	-0.176945
 6276	0.165719	-4.106842	-0.176945
 6286	0.168144	-4.105250	-0.176945
 6292	0.173639	-4.102823	-0.176945
 6304	0.177576	-4.100828	-0.176945
 6311	0.181004	-4.099063	-0.174823
 6320	0.184550	-4.097289	-0.174823
 6330	0.190810	-4.094604	-0.174823
 6339	0.195918	-4.092688	-0.174823
 6347	0.202075	-4.090765	-0.174823
 6357	0.207956	-4.088829	-0.174823
 6365	0.217192	-4.085618	-0.172632
 6374	0.224837	-4.083589	-0.172632
 6384	0.231971	-4.081487	-0.172632
 6393	0.238055	-4.079280	-0.172632
 6402	0.249171	-4.075988	-0.172632
 6410	0.257398	-4.073669	-0.170368
 6420	0.264860	-4.071315	-0.170368
 6428	0.272666	-4.068553	-0.170368
 6438	0.279127	-4.066049	-0.170368
 6447	0.288496	-4.062321	-0.170368
 6455	0.293283	-4.059720	-0.170368
 6470	0.296301	-4.057119	-0.168112
 6475	0.298662	-4.054522	-0.168112
 6484	0.300848	-4.050316	-0.168112
 6492	0.301378	-4.047678	-0.168112
 6502	0.300467	-4.045075	-0.168112
 6510	0.299070	-4.042478	-0.168101
 6518	0.295832	-4.038727	-0.168098
 6528	0.292747	-4.036218	-0.168101
 6538	0.289198	-4.033735	-0.168101
 6546	0.285553	-4.031314	-0.168087
 6671	0.196857	-3.998413	-0.165469
 6824	0.210978	-3.965230	-0.152826
 6961	0.257344	-3.931279	-0.130967
 7288	0.107698	-3.858923	-0.083895
 7294	0.099166	-3.857930	-0.083895
 7303	0.088819	-3.856870	-0.083895
 7312	0.079875	-3.855900	-0.078804
 7331	0.060026	-3.853944	-0.078804
 7340	0.053744	-3.853381	-0.078804
 7350	0.048073	-3.852863	-0.078804
 7357	0.039720	-3.852159	-0.078804
 7366	0.035201	-3.851740	-0.073136
 7375	0.030623	-3.851376	-0.073136
 7384	0.026597	-3.851057	-0.073136
 7394	0.023271	-3.850590	-0.073136
 7403	0.021032	-3.850257	-0.073136
 7411	0.019724	-3.849870	-0.067257
 7420	0.018774	-3.849402	-0.067257
 7430	0.020455	-3.848862	-0.067257
 7438	0.022206	-3.848402	-0.067257
 7448	0.024501	-3.847996	-0.067257
 7458	0.027257	-3.847604	-0.057924
 7466	0.032268	-3.846983	-0.050891
 7474	0.035589	-3.846493	-0.050891
 7483	0.038680	-3.845992	-0.050891
 7493	0.043234	-3.845396	-0.050891
 7502	0.048026	-3.844827	-0.050891
 7511	0.052659	-3.843768	-0.043856
 7520	0.055505	-3.842914	-0.043856
 7529	0.058011	-3.841933	-0.043856
 7630	0.056611	-3.830416	-0.023618
 7637	0.053785	-3.829504	-0.023618
 7646	0.050018	-3.828662	-0.023618
 7654	0.043601	-3.827716	-0.023618
 7677	0.037012	-3.826312	-0.012120
 7683	0.033324	-3.825612	-0.012120
 7691	0.030083	-3.824997	-0.012120
 7710	0.023369	-3.823927	-0.007256
 7719	0.020155	-3.823582	-0.007256
 7727	0.017516	-3.823299	-0.007256
 7736	0.012250	-3.823114	-0.007256
 7747	0.008191	-3.823048	-0.007256
 7755	0.005777	-3.822932	-0.007256
 7763	0.004102	-3.822830	-0.002643
 7774	0.001632	-3.822364	-0.002643
7791	-0.002530	-3.821518	-0.002643
7800	-0.004064	-3.821146	-0.002643
7809	-0.005561	-3.820759	-0.001528
7817	-0.006050	-3.820415	-0.001528
7826	-0.007771	-3.820018	-0.001528
7835	-0.008760	-3.819749	-0.001528
7844	-0.008889	-3.819578	-0.001528
7853	-0.010262	-3.819514	-0.001528
7862	-0.011337	-3.819477	-0.000201
7871	-0.012203	-3.819359	-0.000201
7880	-0.013718	-3.819173	-0.000201
7889	-0.017595	-3.818959	-0.000201
 7899	-0.020494	-3.818735	0.000839
 7907	-0.023010	-3.818508	0.000839
 7916	-0.024742	-3.818225	0.001738
 7926	-0.027608	-3.817940	0.001738
 7934	-0.028826	-3.817659	0.001738
 7943	-0.029613	-3.817378	0.001738
 7952	-0.030580	-3.817181	0.001738
 7961	-0.030988	-3.817082	0.002591
 7972	-0.031261	-3.817011	0.002591
 7980	-0.029288	-3.816954	0.002591
 7989	-0.025171	-3.816907	0.002591
 7997	-0.020379	-3.816829	0.002591
 8008	-0.017434	-3.816787	0.003354
 8016	-0.013987	-3.816611	0.003929
 8024	-0.010252	-3.816319	0.003929
 8035	-0.006686	-3.816008	0.003929
 8044	-0.003104	-3.815750	0.003929
  8051	0.000730	-3.815435	0.003929
  8060	0.004409	-3.815079	0.005126
  8072	0.007807	-3.814662	0.005126
  8078	0.011743	-3.814149	0.005126
  8088	0.014396	-3.813732	0.005126
  8097	0.017161	-3.813305	0.005126
  8106	0.019846	-3.812998	0.005126
  8118	0.022891	-3.812531	0.006384
  8124	0.025074	-3.812178	0.006384
  8132	0.027000	-3.811852	0.006384
  8151	0.028595	-3.810800	0.006384
  8160	0.029415	-3.810340	0.007654
  8168	0.030345	-3.809849	0.007654
  8178	0.029989	-3.809431	0.007654
  8187	0.028196	-3.808907	0.007654
  8196	0.027445	-3.808466	0.007654
  8206	0.027468	-3.808133	0.007654
  8214	0.025931	-3.807807	0.008924
  8227	0.022522	-3.807533	0.009757
  8233	0.017209	-3.807189	0.009757
  8241	0.015358	-3.806974	0.009757
  8250	0.014348	-3.806722	0.009757
  8260	0.012728	-3.806505	0.010801
  8268	0.008301	-3.806200	0.010801
  8277	0.006298	-3.806027	0.010801
  8286	0.005254	-3.805812	0.010801
  8295	0.003560	-3.805602	0.010801
 8305	-0.000954	-3.805315	0.010801
 8313	-0.002740	-3.805198	0.011975
 8322	-0.004831	-3.805044	0.011975
 8335	-0.007441	-3.804961	0.013070
 8342	-0.011478	-3.804768	0.013070
 8349	-0.013396	-3.804643	0.013070
 8358	-0.013472	-3.804519	0.013070
 8367	-0.014226	-3.804372	0.014186
 8376	-0.016562	-3.804198	0.014186
 8386	-0.016661	-3.804144	0.014186
 8394	-0.014642	-3.803992	0.014186
 8403	-0.013706	-3.803882	0.014186
 8412	-0.012748	-3.803741	0.015478
 8422	-0.009680	-3.803617	0.015478
 8430	-0.006644	-3.803505	0.015478
 8439	-0.003739	-3.803353	0.015478
 8451	-0.001761	-3.803226	0.015478
  8458	0.001184	-3.803015	0.015478
  8467	0.003869	-3.802885	0.016731
  8476	0.006391	-3.802727	0.016731
  8484	0.007393	-3.802615	0.016731
  8493	0.009693	-3.802448	0.016731
  8512	0.015185	-3.802170	0.017969
  8521	0.018627	-3.801959	0.017969
  8531	0.023837	-3.801588	0.017969
  8539	0.026459	-3.801333	0.017969
  8547	0.029411	-3.801111	0.017969
  8560	0.031674	-3.800888	0.019252
  8566	0.035064	-3.800588	0.019252
  8575	0.037266	-3.800263	0.019252
  8584	0.039127	-3.799855	0.019252
  8592	0.039807	-3.799518	0.019252
  8607	0.040043	-3.799239	0.020171
  8620	0.040391	-3.798520	0.020171
  8629	0.040011	-3.798164	0.020171
  8639	0.038788	-3.797806	0.020171
  8646	0.036983	-3.797349	0.020171
  8655	0.036738	-3.797070	0.020171
  8669	0.035589	-3.796782	0.021792
  8675	0.033826	-3.796429	0.021792
  8682	0.031594	-3.796002	0.021792
  8692	0.028580	-3.795647	0.021792
  8700	0.025978	-3.795348	0.021792
  8710	0.022613	-3.795079	0.022460
  8719	0.016682	-3.794690	0.022460
  8728	0.012019	-3.794453	0.022460
  8737	0.006728	-3.794162	0.022460
  8746	0.001912	-3.793962	0.022460
 8755	-0.001828	-3.793784	0.022460
 8764	-0.010138	-3.793650	0.023202
 8777	-0.014507	-3.793588	0.022277
 8783	-0.018721	-3.793521	0.022277
 8791	-0.022387	-3.793547	0.022277
 8801	-0.028658	-3.793546	0.022277
 8809	-0.032623	-3.793591	0.021321
 8818	-0.035808	-3.793619	0.021321
 8827	-0.037926	-3.793712	0.021321
 8835	-0.043554	-3.793902	0.021321
 8847	-0.046520	-3.794047	0.021321
 8855	-0.047816	-3.794255	0.021321
 8864	-0.049717	-3.794454	0.020375
 8872	-0.050886	-3.794805	0.020375
 8886	-0.050575	-3.794961	0.020375
 8892	-0.049855	-3.795168	0.020375
 8899	-0.049078	-3.795452	0.020375
 8909	-0.048075	-3.795786	0.019867
 8917	-0.047145	-3.795955	0.019867
 8926	-0.045772	-3.796224	0.019867
 8935	-0.044102	-3.796335	0.019867
 8944	-0.041927	-3.796473	0.019867