TIMESTAMPms	M1ATTITUDEyawspeed	M1ATTITUDEyaw	asrud
0	0.030744	-2.686393	0.071950
8	0.028064	-2.686290	0.069521
17	0.023010	-2.686177	0.069521
28	0.018157	-2.686187	0.069521
40	0.013646	-2.686193	0.070674
45	0.009220	-2.686241	0.070674
53	0.000627	-2.686323	0.070674
64	-0.005649	-2.686468	0.071970
71	-0.011187	-2.686619	0.071970
81	-0.016888	-2.686835	0.071970
89	-0.022861	-2.687165	0.071970
100	-0.028058	-2.687490	0.071970
108	-0.031624	-2.687772	0.073236
116	-0.034358	-2.688061	0.073236
125	-0.035307	-2.688374	0.073236
137	-0.036441	-2.688869	0.073236
144	-0.037039	-2.689190	0.073236
154	-0.037005	-2.689536	0.073236
162	-0.036327	-2.689877	0.074423
171	-0.034844	-2.690284	0.074423
180	-0.034547	-2.690527	0.074423
188	-0.033885	-2.690757	0.074423
200	-0.033246	-2.690992	0.074423
207	-0.032310	-2.691253	0.075582
216	-0.031672	-2.691413	0.075582
225	-0.030203	-2.691557	0.075582
234	-0.028732	-2.691629	0.075582
243	-0.026452	-2.691675	0.075582
254	-0.025308	-2.691701	0.079421
270	-0.023016	-2.691637	0.079421
280	-0.022076	-2.691550	0.079421
287	-0.021926	-2.691320	0.079421
302	-0.020461	-2.691171	0.082124
312	-0.018590	-2.690995	0.082124
325	-0.015249	-2.690531	0.082124
333	-0.014303	-2.690288	0.082124
343	-0.013415	-2.690053	0.082124
351	-0.011921	-2.689750	0.082124
360	-0.010302	-2.689327	0.084780
373	-0.009073	-2.689073	0.084780
379	-0.008101	-2.688802	0.084780
388	-0.006438	-2.688502	0.084780
396	-0.003767	-2.688085	0.084780
405	-0.001438	-2.687721	0.087374
414	0.001256	-2.687410	0.087374
424	0.002722	-2.687117	0.087374
434	0.005389	-2.686780	0.087374
442	0.007929	-2.686622	0.087374
450	0.011261	-2.686459	0.087374
460	0.014955	-2.686329	0.086338
468	0.018472	-2.686159	0.086338
483	0.025362	-2.685907	0.086338
496	0.031739	-2.685667	0.086338
505	0.033074	-2.685543	0.085058
514	0.034797	-2.685443	0.085058
522	0.034601	-2.685379	0.085058
531	0.034933	-2.685330	0.085058
541	0.035916	-2.685325	0.085058
549	0.036552	-2.685328	0.085058
555	0.036795	-2.685340	0.083753
561	0.036899	-2.685386	0.083753
568	0.036638	-2.685482	0.083753
576	0.035329	-2.685577	0.083753
589	0.032535	-2.685780	0.083753
595	0.029846	-2.686016	0.083753
604	0.027558	-2.686203	0.083753
613	0.024748	-2.686424	0.082352
623	0.022225	-2.686785	0.082352
631	0.020501	-2.687061	0.082352
639	0.018151	-2.687309	0.082352
651	0.014923	-2.687580	0.082352
658	0.010842	-2.687950	0.080903
666	0.006189	-2.688424	0.080903
678	0.003750	-2.688759	0.080903
685	0.000834	-2.689130	0.080903
694	-0.002357	-2.689471	0.080903
702	-0.006238	-2.690023	0.080903
712	-0.007346	-2.690402	0.079279
717	-0.007879	-2.690579	0.079279
731	-0.012567	-2.691276	0.079279
738	-0.017297	-2.691907	0.079279
749	-0.019467	-2.692335	0.079279
757	-0.020817	-2.692763	0.075972
766	-0.023009	-2.693196	0.075972
775	-0.027143	-2.693852	0.075972
784	-0.028859	-2.694360	0.075972
793	-0.029975	-2.694805	0.075972
803	-0.030928	-2.695221	0.075972
812	-0.032678	-2.695885	0.072569
820	-0.034363	-2.696315	0.072569
829	-0.035547	-2.696750	0.072569
838	-0.036998	-2.697204	0.072569
847	-0.039291	-2.697733	0.072569
856	-0.040629	-2.698426	0.069060
866	-0.040951	-2.698879	0.069060
874	-0.040903	-2.699324	0.069060
883	-0.039621	-2.699772	0.069060
892	-0.037091	-2.700427	0.069060
902	-0.035494	-2.700837	0.069060
911	-0.033983	-2.701335	0.065476
923	-0.033217	-2.701659	0.065476
929	-0.032006	-2.702102	0.065476
937	-0.031832	-2.702313	0.065476
946	-0.030887	-2.702509	0.065476
956	-0.029994	-2.702782	0.061792
965	-0.030084	-2.703294	0.061792
974	-0.030471	-2.703681	0.061792
983	-0.032040	-2.703975	0.061792
992	-0.033861	-2.704268	0.061792
1000	-0.035741	-2.704651	0.061792
1010	-0.037045	-2.704969	0.058065
1019	-0.038407	-2.705281	0.058065
1032	-0.039393	-2.705509	0.058065
1038	-0.040501	-2.705789	0.058065
1045	-0.041614	-2.706065	0.058065
1055	-0.042325	-2.706207	0.054255
1064	-0.041565	-2.706419	0.054255
1073	-0.040378	-2.706743	0.054255
1081	-0.038954	-2.707102	0.054255
1091	-0.038101	-2.707214	0.054255
1101	-0.036340	-2.707290	0.054255
1109	-0.034132	-2.707366	0.050467
1117	-0.030878	-2.707466	0.050467
1129	-0.028867	-2.707531	0.050467
1140	-0.027595	-2.707559	0.050467
1147	-0.026200	-2.707536	0.050467
1155	-0.022673	-2.707512	0.046492
1164	-0.020998	-2.707530	0.046492
1172	-0.020003	-2.707559	0.046492
1177	-0.018891	-2.707396	0.046492
1190	-0.018125	-2.706999	0.046492
1208	-0.015657	-2.706332	0.042608
1217	-0.014854	-2.706230	0.042608
1226	-0.013225	-2.706155	0.042608
1235	-0.011029	-2.705994	0.042608
1244	-0.009078	-2.705880	0.042608
1253	-0.007626	-2.705739	0.042608
1263	-0.006609	-2.705628	0.038782
1272	-0.003340	-2.705480	0.038782
1280	0.000101	-2.705266	0.588561
1289	0.002165	-2.704945	0.588561
1298	0.003643	-2.704665	0.588561
1307	0.005982	-2.703486	0.584768
1316	0.006410	-2.703183	0.584768
1326	0.006084	-2.702906	0.584768
1334	0.000630	-2.702835	0.584768
1343	-0.033795	-2.703208	0.584768
1352	-0.068095	-2.703801	0.584768
1363	-0.113310	-2.704631	0.581009
1370	-0.167769	-2.705884	0.581009
1381	-0.220563	-2.707502	0.581009
1389	-0.283665	-2.710728	0.581009
1397	-0.321980	-2.713289	0.581009
1402	-0.336116	-2.714352	0.576691
1417	-0.388212	-2.719762	0.576691
1424	-0.419447	-2.724921	0.576691
1479	-0.479686	-2.749787	0.571844
1487	-0.484737	-2.753908	0.571844
1496	-0.491728	-2.760051	0.571844
1506	-0.496742	-2.764171	0.566110
1514	-0.501793	-2.768275	0.566110
1520	-0.504563	-2.770687	0.566110
1533	-0.511260	-2.777320	0.566110
1542	-0.517417	-2.783552	0.566110
1551	-0.520684	-2.787607	0.566110
1560	-0.523267	-2.791627	0.559620
1569	-0.525226	-2.795689	0.559620
1582	-0.525229	-2.801989	0.559620
1596	-0.523300	-2.811224	0.559620
1605	-0.521801	-2.815399	0.552161
1613	-0.520148	-2.821481	0.552161
1731	-0.623035	-3.067814	0.567756
2344	-0.592495	-3.278141	0.567756
2354	-0.587283	-3.282673	0.567152
2363	-0.583330	-3.287203	0.567295
2371	-0.580353	-3.294114	0.567295
2380	-0.579475	-3.298600	0.567295
2389	-0.579066	-3.303107	0.567295
2398	-0.579552	-3.307503	0.567295
2408	-0.582829	-3.315147	0.567512
2416	-0.586482	-3.319575	0.567512
2443	-0.599056	-3.333188	0.567512
2464	-0.610598	-3.344777	0.567787
2470	-0.613143	-3.350150	0.567787
2480	-0.614445	-3.354707	0.567787
2488	-0.614569	-3.361707	0.567787
2497	-0.612905	-3.366309	0.567787
2507	-0.608451	-3.370773	0.568226
2515	-0.602787	-3.375338	0.568226
2524	-0.592315	-3.382999	0.568226
2533	-0.584825	-3.387321	0.568226
2543	-0.576769	-3.391602	0.568226
2552	-0.569126	-3.395912	0.568226
2560	-0.560398	-3.402304	0.565821
2573	-0.556789	-3.406470	0.565821
2580	-0.554249	-3.410599	0.565821
2588	-0.552156	-3.414693	0.565821
2596	-0.552314	-3.421601	0.565821
2606	-0.554063	-3.425658	0.562983
2614	-0.555362	-3.429773	0.562983
2625	-0.557328	-3.433802	0.562983
2632	-0.561122	-3.437902	0.562983
2638	-0.564032	-3.444234	0.562983
2650	-0.564179	-3.449186	0.562983
2660	-0.564130	-3.453293	0.559858
2669	-0.563930	-3.457430	0.559858
2683	-0.564988	-3.463837	0.557857
2692	-0.566155	-3.468040	0.557857
2705	-0.571760	-3.476411	0.557857
2722	-0.586369	-3.488027	0.556365
2733	-0.593863	-3.492340	0.556365
2740	-0.600701	-3.496794	0.556365
2749	-0.612463	-3.503676	0.556365
2759	-0.620320	-3.508175	0.550851
2768	-0.627502	-3.512826	0.550851
2777	-0.634871	-3.517457	0.550851
2791	-0.642298	-3.523105	0.550851
2796	-0.646590	-3.530373	0.550851
2804	-0.644762	-3.535205	0.550851
2812	-0.644124	-3.540037	0.544830
2822	-0.643974	-3.544800	0.544830
2830	-0.640832	-3.552169	0.544830
2842	-0.635050	-3.557598	0.544830
2849	-0.630969	-3.562154	0.544830
2858	-0.626750	-3.566773	0.538776
2866	-0.617512	-3.573788	0.538776
2877	-0.610088	-3.578177	0.538776
2885	-0.604463	-3.582597	0.538776
2895	-0.599507	-3.586917	0.538776
2912	-0.583288	-3.598559	0.532952
2921	-0.577081	-3.602796	0.532952
2930	-0.571132	-3.606928	0.532952
2939	-0.562634	-3.613347	0.532952
2949	-0.558853	-3.617408	0.532952
2957	-0.556241	-3.621380	0.527070
2966	-0.553093	-3.626153	0.527070
2977	-0.551312	-3.630151	0.527070
2985	-0.549473	-3.636224	0.527070
2993	-0.548821	-3.640114	0.527070
3003	-0.550226	-3.643970	0.527070
3014	-0.551977	-3.647851	0.518751
3020	-0.554221	-3.653988	0.518751
3025	-0.555373	-3.657304	0.518751
3034	-0.556546	-3.658713	0.518751
3048	-0.563824	-3.666632	0.518751
3057	-0.569899	-3.672981	0.516685
3066	-0.574022	-3.677043	0.516685
3074	-0.578322	-3.681205	0.516685
3083	-0.582434	-3.685431	0.516685
3093	-0.585695	-3.692661	0.516685
3101	-0.585269	-3.696920	0.516685
3112	-0.583462	-3.701076	0.513467
3124	-0.581239	-3.705227	0.511584
3130	-0.577253	-3.709449	0.511584
3138	-0.569423	-3.715864	0.511584
3147	-0.563988	-3.719874	0.511584
3156	-0.557378	-3.724576	0.510033
3165	-0.549882	-3.728596	0.510033
3174	-0.539339	-3.734511	0.510033
3182	-0.531468	-3.738360	0.510033
3191	-0.522730	-3.742176	0.510033
3200	-0.513678	-3.745904	0.510033
3210	-0.500121	-3.751463	0.508293
3219	-0.490692	-3.755679	0.508293
3233	-0.483113	-3.759085	0.508069
3245	-0.458959	-3.767602	0.508069
3254	-0.452760	-3.770842	0.508069
3264	-0.447212	-3.773958	0.508092
3273	-0.439978	-3.777721	0.508092
3283	-0.432172	-3.782475	0.508092
3291	-0.430160	-3.785510	0.508092
3300	-0.429860	-3.788472	0.508092
3309	-0.429303	-3.791560	0.508264
3317	-0.428104	-3.794618	0.508264
3327	-0.427935	-3.799435	0.508264
3340	-0.430248	-3.802436	0.508264
3347	-0.433804	-3.806082	0.508264
3354	-0.437164	-3.809259	0.508264
3363	-0.441806	-3.814168	0.508680
3371	-0.446553	-3.817430	0.508680
3381	-0.453354	-3.820715	0.508680
3390	-0.460415	-3.823976	0.508680
3399	-0.471742	-3.829945	0.508680
3408	-0.479757	-3.833355	0.505667
3417	-0.487692	-3.836818	0.505667
3426	-0.494088	-3.840455	0.505667
3435	-0.503400	-3.846159	0.505667
3440	-0.508543	-3.849005	0.505667
3453	-0.517900	-3.853671	0.506076
3462	-0.524381	-3.857442	0.507111
3471	-0.530648	-3.862015	0.507111
3480	-0.537778	-3.868158	0.507111
3489	-0.541456	-3.872190	0.507111
3508	-0.547494	-3.880179	0.506393
3516	-0.549949	-3.886430	0.506393
3526	-0.551449	-3.891138	0.506393
3534	-0.551597	-3.895175	0.506393
3543	-0.550885	-3.899264	0.506393
3553	-0.550423	-3.905410	0.506393
3564	-0.550358	-3.909368	0.503395
3571	-0.550613	-3.913423	0.503395
3579	-0.550885	-3.917363	0.503395
3589	-0.550924	-3.924330	0.503395
3596	-0.552256	-3.928347	0.503395
3607	-0.554049	-3.932288	0.500971
3615	-0.555414	-3.936319	0.500971
3625	-0.557210	-3.942432	0.500971
3633	-0.558626	-3.946473	0.500971
3643	-0.560123	-3.950409	0.500971
3651	-0.561552	-3.955181	0.500971
3661	-0.562381	-3.961438	0.498142
3673	-0.562886	-3.965473	0.496862
3679	-0.564519	-3.969420	0.496862
3687	-0.566068	-3.973498	0.496862
3698	-0.567078	-3.977472	0.496862
3706	-0.570342	-3.983771	0.495701
3715	-0.572912	-3.988482	0.495701
3723	-0.574901	-3.992548	0.495701
3732	-0.577161	-3.996638	0.495701
3742	-0.580725	-4.002862	0.495701
3751	-0.582568	-4.006994	0.495701
3760	-0.582909	-4.011036	0.494574
3768	-0.582888	-4.015169	0.494574
3783	-0.580056	-4.022139	0.494574
3789	-0.577513	-4.026234	0.494574
3795	-0.573432	-4.030305	0.494574
3805	-0.568053	-4.034290	0.489762
3815	-0.558274	-4.040353	0.489762
3823	-0.551075	-4.044292	0.489762
3832	-0.542610	-4.048060	0.489762
3840	-0.532260	-4.052543	0.489762
3850	-0.522636	-4.056187	0.489762
3859	-0.506315	-4.061819	0.484096
3868	-0.495899	-4.065262	0.484096
3877	-0.484966	-4.068602	0.484096
3891	-0.473186	-4.072002	0.480935
3905	-0.444284	-4.080843	0.479093
3913	-0.433716	-4.083938	0.479093
3922	-0.423352	-4.086897	0.479093
3931	-0.408765	-4.091530	0.479093
3940	-0.400119	-4.094355	0.479093
3949	-0.392678	-4.097178	0.479093
3957	-0.386195	-4.100025	0.476428
3969	-0.377286	-4.104822	0.476428
3976	-0.374057	-4.107623	0.476428
3985	-0.370715	-4.110309	0.476428
3994	-0.367609	-4.113032	0.476428
4003	-0.363741	-4.117180	0.476428
4011	-0.362522	-4.119883	0.473510
4021	-0.361400	-4.123151	0.473510
4030	-0.360375	-4.125752	0.473510
4039	-0.361127	-4.128468	0.473510
4049	-0.364963	-4.132663	0.473510
4057	-0.367875	-4.135444	0.470393
4067	-0.371052	-4.138192	0.470393
4075	-0.374823	-4.141020	0.470393
4083	-0.381903	-4.146104	0.470393
4095	-0.387201	-4.148963	0.470393
4102	-0.392478	-4.151997	0.470393
4114	-0.398652	-4.154961	0.465375
4120	-0.408216	-4.159704	0.465375
4129	-0.415134	-4.162855	0.465375
4138	-0.422639	-4.166082	0.465375
4147	-0.432335	-4.169898	0.465375
4156	-0.445513	-4.175108	0.459974
4166	-0.453063	-4.178474	0.459974
4175	-0.459907	-4.181885	0.459974
4184	-0.466711	-4.185422	0.459974
4192	-0.476780	-4.190952	0.459974
4203	-0.482861	-4.194523	0.459974
4210	-0.489724	-4.198900	0.454289
4224	-0.495877	-4.202534	0.454289
4230	-0.501352	-4.206211	0.454289
4238	-0.509657	-4.212007	0.454289
4246	-0.514682	-4.215818	0.454289
4256	-0.518717	-4.219575	0.448063
4264	-0.521608	-4.223423	0.448063
4274	-0.525891	-4.229977	0.448063
4283	-0.529118	-4.233763	0.448063
4291	-0.531660	-4.237624	0.448063
4297	-0.532577	-4.240358	0.448063
4310	-0.532360	-4.247361	0.441429
4319	-0.531353	-4.251183	0.441429
4333	-0.530022	-4.254916	0.441429
4338	-0.527592	-4.258627	0.441429
4346	-0.521927	-4.264958	0.441429
4354	-0.517369	-4.268599	0.441429
4364	-0.512789	-4.272135	0.431866
4373	-0.507601	-4.275687	0.431866
4382	-0.500903	-4.279128	0.431866
4392	-0.488256	-4.284977	0.431866
4400	-0.481230	-4.288246	0.431866
4409	-0.474064	-4.291472	0.421187
4417	-0.465888	-4.294656	0.421187
4426	-0.454128	-4.299433	0.421187
4446	-0.439165	-4.305374	0.407570
4454	-0.431574	-4.308295	0.407570
4462	-0.419242	-4.313221	0.394607
4474	-0.410905	-4.315905	0.394607
4481	-0.402484	-4.318617	0.394607
4490	-0.393986	-4.321252	0.394607
4500	-0.379684	-4.325200	0.394607
4508	-0.370506	-4.327702	0.381916
4517	-0.362953	-4.330083	0.381916
4526	-0.355723	-4.332947	0.381916
4535	-0.347722	-4.336590	0.381916
4543	-0.344057	-4.338933	0.381916
4554	-0.340983	-4.341287	0.368773
4562	-0.338384	-4.343554	0.356450
4571	-0.335318	-4.345915	0.356450
4580	-0.329757	-4.349528	0.356450
4590	-0.324821	-4.352228	0.356450
4598	-0.321768	-4.354569	0.356450
4607	-0.319509	-4.356893	0.344590
4616	-0.317749	-4.360541	0.344590
4626	-0.317717	-4.362891	0.344590
4634	-0.319187	-4.365292	0.344590
4644	-0.322376	-4.367640	0.344590
4652	-0.328432	-4.371976	0.344590
4664	-0.332081	-4.374536	0.320697
4670	-0.335049	-4.377034	0.320697
4679	-0.337337	-4.379640	0.320697
4689	-0.340419	-4.383668	0.320697
4697	-0.342912	-4.386232	0.320697
4707	-0.346752	-4.388834	0.310073
4715	-0.350750	-4.391965	0.310073
4724	-0.356334	-4.396201	0.310073
4730	-0.358981	-4.398325	0.310073
4743	-0.362353	-4.401758	0.310073
4752	-0.364697	-4.404556	0.310073
4760	-0.367040	-4.407412	0.300208
4774	-0.371214	-4.412416	0.300208
4780	-0.373219	-4.415243	0.300208
4787	-0.374084	-4.418140	0.300208
4797	-0.374886	-4.420964	0.300208
4805	-0.377029	-4.425475	0.300208
4815	-0.377106	-4.428305	0.293454
4824	-0.375255	-4.431174	0.293454
4832	-0.374037	-4.434034	0.293454
4841	-0.373044	-4.438988	0.293454
4851	-0.371302	-4.441835	0.293454
4860	-0.369297	-4.444628	0.286141
4868	-0.367666	-4.447509	0.286141
4886	-0.362986	-4.454795	0.278178
4896	-0.361769	-4.457637	0.278178
4905	-0.360106	-4.461014	0.278178
4914	-0.358086	-4.465415	0.271433
4923	-0.357644	-4.468190	0.271433
4933	-0.357672	-4.471030	0.271433
4942	-0.357795	-4.473782	0.271433
4950	-0.358679	-4.476542	0.271433
4958	-0.359058	-4.481361	0.264092
4969	-0.357476	-4.484034	0.264092
4977	-0.356742	-4.486752	0.264092
4994	-0.352679	-4.493580	0.264092
5006	-0.351277	-4.496177	0.264092
5013	-0.349449	-4.498892	0.256518
5022	-0.346405	-4.502029	0.256518
5030	-0.341974	-4.506080	0.256518
5042	-0.339108	-4.508565	0.256518
5050	-0.336548	-4.510963	0.256518
5058	-0.333636	-4.513419	0.250251
5067	-0.328941	-4.517183	0.250251
5078	-0.324748	-4.519525	0.250251
5085	-0.320384	-4.522295	0.250251
5095	-0.316452	-4.524487	0.250251
5104	-0.312580	-4.526683	0.250251
5113	-0.306766	-4.529973	0.242870
5121	-0.304218	-4.532054	0.242870
5130	-0.301095	-4.534091	0.242870
5141	-0.297385	-4.536072	0.242870
5149	-0.291777	-4.539553	0.242870
5157	-0.288343	-4.541400	0.235070
5167	-0.285505	-4.543227	0.235070
5175	-0.282039	-4.545086	0.235070
5183	-0.277231	-4.547961	0.235070
5196	-0.274305	-4.549743	0.235070
5203	-0.272065	-4.551481	0.235070
5213	-0.269676	-4.553622	0.226373
5220	-0.266710	-4.556377	0.226373
5230	-0.264026	-4.558137	0.226373
5239	-0.262909	-4.559878	0.226373
5247	-0.261869	-4.561669	0.226373
5256	-0.260092	-4.564515	0.226373
5266	-0.259970	-4.566288	0.217432
5274	-0.261071	-4.568499	0.217432
5284	-0.262002	-4.570311	0.217432
5292	-0.263716	-4.572198	0.217432
5302	-0.267480	-4.575187	0.217432
5310	-0.269371	-4.577121	0.208189
5324	-0.271191	-4.579105	0.190273
5330	-0.275039	-4.581188	0.190273
5338	-0.281102	-4.584867	0.190273
5346	-0.285233	-4.587053	0.190273
5356	-0.289065	-4.589238	0.172366
5364	-0.292034	-4.591503	0.172366
5374	-0.295599	-4.595107	0.172366
5382	-0.296816	-4.597510	0.172366
5392	-0.296748	-4.599799	0.172366
5401	-0.294758	-4.602552	0.172366
5410	-0.289649	-4.606226	0.154606
5418	-0.285397	-4.608582	0.154606
5432	-0.280666	-4.610864	0.134837
5439	-0.275697	-4.613144	0.134837
5446	-0.269443	-4.616552	0.134837
5454	-0.263794	-4.619124	0.134837
5464	-0.258138	-4.621175	0.115626
5473	-0.251414	-4.623230	0.115626
5483	-0.244088	-4.625178	0.115626
5490	-0.231477	-4.628145	0.115626
5500	-0.221163	-4.629890	0.115626
5509	-0.210010	-4.631468	0.097047
5518	-0.198655	-4.632996	0.097047
5526	-0.182224	-4.635567	0.097047
5541	-0.175465	-4.636842	0.075394
5548	-0.169776	-4.638038	0.075394
5554	-0.164355	-4.639192	0.075394
5563	-0.155456	-4.640884	0.055103
5572	-0.149637	-4.641862	0.055103
5577	-0.146860	-4.642292	0.055103
5591	-0.133301	-4.643783	0.055103
5599	-0.118869	-4.645039	0.055103
5608	-0.108018	-4.645591	0.035278
5617	-0.097834	-4.646091	0.035278
5627	-0.088660	-4.646433	0.035278
5635	-0.080574	-4.646736	0.035278
5643	-0.071692	-4.647297	0.035278
5654	-0.068170	-4.647441	0.012455
5662	-0.064355	-4.647511	-0.000435
5671	-0.060792	-4.647596	-0.000435
5682	-0.056391	-4.647725	-0.000435
5690	-0.051930	-4.647706	-0.000435
5698	-0.046356	-4.647664	-0.000435
5707	-0.040235	-4.647562	-0.013401
5715	-0.031486	-4.647412	-0.013401
5727	-0.026006	-4.647123	-0.013401
5735	-0.022561	-4.646816	-0.013401
5743	-0.021709	-4.646535	-0.013401
5753	-0.023412	-4.646161	-0.013401
5764	-0.025185	-4.645872	-0.026464
5770	-0.025224	-4.645589	-0.026464
5779	-0.025758	-4.645302	-0.026464
5790	-0.026869	-4.645016	-0.026464
5798	-0.027577	-4.644780	-0.026464
5806	-0.026868	-4.644591	-0.037093
5816	-0.025881	-4.644353	-0.037093
5824	-0.025012	-4.644153	-0.037093
5833	-0.025383	-4.643993	-0.037093
5843	-0.026261	-4.643797	-0.037093
5851	-0.027248	-4.643635	-0.037093
5861	-0.028547	-4.643410	-0.047936
5874	-0.033443	-4.643319	-0.047936
5880	-0.035762	-4.643260	-0.047936
5888	-0.037833	-4.643173	-0.047936
5898	-0.040869	-4.643139	-0.047936
5906	-0.042947	-4.643385	-0.047936
5914	-0.043924	-4.643525	-0.059047
5924	-0.045441	-4.643572	-0.059047
5932	-0.045997	-4.643691	-0.059047
5941	-0.046037	-4.644122	-0.059047
5947	-0.046164	-4.644331	-0.059047
5960	-0.046069	-4.644587	-0.066714
5969	-0.044840	-4.644728	-0.066714
5983	-0.040772	-4.644956	-0.081094
5997	-0.034536	-4.644721	-0.081094
6005	-0.031097	-4.644758	-0.081094
6014	-0.027840	-4.644876	-0.095158
6022	-0.021672	-4.645153	-0.095158
6028	-0.018521	-4.645204	-0.095158
6040	-0.014815	-4.645024	-0.095158
6050	-0.011133	-4.644930	-0.095158
6060	-0.005237	-4.644766	-0.105426
6068	-0.000722	-4.644472	-0.105426
6077	0.003065	-4.644096	-0.105426
6094	0.011829	-4.643172	-0.118816
6105	0.014213	-4.642745	-0.118816
6115	0.015465	-4.642295	-0.131900
6122	0.017496	-4.641625	-0.131900
6131	0.022955	-4.640485	-0.131900
6141	0.025707	-4.639528	-0.131900
6149	0.028009	-4.638716	-0.131900
6158	0.031760	-4.637922	-0.144567
6168	0.039232	-4.636895	-0.144567
6176	0.042709	-4.636183	-0.144567
6185	0.045311	-4.635404	-0.144567
6194	0.048562	-4.634559	-0.144567
6204	0.052613	-4.633103	-0.159033
6211	0.054734	-4.632086	-0.173074
6221	0.057212	-4.631093	-0.173074
6231	0.060057	-4.630189	-0.173074
6239	0.062713	-4.629208	-0.173074
6249	0.066356	-4.627577	-0.173074
6257	0.068812	-4.626600	-0.186482
6267	0.074708	-4.625439	-0.186482
6275	0.081515	-4.624319	-0.186482
6284	0.093077	-4.622646	-0.186482
6295	0.102002	-4.621374	-0.186482
6303	0.109419	-4.620109	-0.186482
6314	0.115436	-4.618853	-0.199564
6321	0.125484	-4.616859	-0.199564
6330	0.133510	-4.615054	-0.199564
6338	0.139433	-4.613415	-0.199564
6350	0.146227	-4.611725	-0.199564
6356	0.159832	-4.609487	-0.199564
6362	0.165293	-4.608542	-0.205902
6368	0.168348	-4.607836	-0.205902
6375	0.176248	-4.606117	-0.205902
6383	0.184728	-4.604216	-0.205902
6392	0.194855	-4.601951	-0.205902
6402	0.208504	-4.598467	-0.205902
6411	0.214990	-4.596140	-0.212213
6425	0.222014	-4.593970	-0.212213
6431	0.228845	-4.591817	-0.212213
6439	0.238167	-4.588562	-0.212213
6446	0.242910	-4.586219	-0.212213
6452	0.248049	-4.583469	-0.212213
6465	0.252148	-4.581126	-0.218556
6474	0.258715	-4.577607	-0.218556
6483	0.262175	-4.575124	-0.218556
6492	0.266075	-4.572470	-0.218556
6500	0.270477	-4.569837	-0.218556
6511	0.276920	-4.566038	-0.221794
6519	0.279424	-4.563036	-0.221794
6533	0.280985	-4.560462	-0.221794
6540	0.282825	-4.557852	-0.221794
6546	0.284650	-4.555248	-0.221794
6555	0.284671	-4.551443	-0.221794
6563	0.283723	-4.548886	-0.224986
6572	0.284242	-4.546316	-0.224986
6582	0.285198	-4.543321	-0.224986
6592	0.284391	-4.539631	-0.224986
6600	0.284082	-4.537070	-0.224986
6609	0.284391	-4.534504	-0.227979
6618	0.283562	-4.531881	-0.227979
6626	0.281563	-4.528225	-0.227979
6641	0.281083	-4.525774	-0.233629
6654	0.280020	-4.520577	-0.233629
6664	0.277687	-4.517099	-0.239236
6672	0.275754	-4.514804	-0.239236
6681	0.272841	-4.512469	-0.239236
6690	0.270797	-4.510208	-0.239236
6699	0.269848	-4.506558	-0.239236
6710	0.269118	-4.504294	-0.244593
6717	0.269429	-4.502070	-0.244593
6726	0.270302	-4.499782	-0.244593
6736	0.270684	-4.497551	-0.244593
6743	0.270518	-4.494367	-0.244593
6755	0.270762	-4.492120	-0.244593
6762	0.271128	-4.489871	-0.249671
6771	0.272100	-4.487356	-0.249671
6781	0.274215	-4.484093	-0.249671
6790	0.276296	-4.481950	-0.249671
6799	0.279266	-4.479696	-0.249671
6807	0.282760	-4.477454	-0.254491
6816	0.287334	-4.474080	-0.254491
6822	0.289853	-4.472018	-0.254491
6835	0.293159	-4.468930	-0.254491
6844	0.295261	-4.466483	-0.254491
6852	0.297184	-4.462942	-0.254491
6864	0.297493	-4.460454	-0.266460
6871	0.298363	-4.457951	-0.266460
6879	0.300898	-4.455429	-0.266460
6889	0.304191	-4.451655	-0.266460
6897	0.306439	-4.448661	-0.266460
6907	0.308749	-4.446031	-0.272132
6915	0.312179	-4.443419	-0.272132
6924	0.315787	-4.440833	-0.272132
6933	0.319878	-4.436985	-0.272132
6943	0.323358	-4.434323	-0.272132
6952	0.328051	-4.431251	-0.272132
6961	0.330862	-4.428514	-0.277603
6978	0.337822	-4.421521	-0.277603
6988	0.340921	-4.418643	-0.277603
6997	0.343786	-4.415704	-0.277603
7005	0.347230	-4.411331	-0.277603
7015	0.350304	-4.408216	-0.282946
7024	0.353239	-4.404663	-0.282946
7032	0.354787	-4.401600	-0.282946
7041	0.355449	-4.397063	-0.282946
7052	0.356125	-4.394005	-0.282946
7060	0.355976	-4.390998	-0.283185
7069	0.355049	-4.387871	-0.283185
7083	0.351615	-4.382799	-0.285297
7089	0.349316	-4.379636	-0.285297
7096	0.347086	-4.376526	-0.285297
7105	0.344477	-4.373416	-0.285297
7114	0.341338	-4.370326	-0.287409
7122	0.333430	-4.365938	-0.287409
7132	0.328123	-4.362912	-0.287409
7141	0.322033	-4.359365	-0.287409
7150	0.316812	-4.356413	-0.287409
7158	0.310282	-4.352242	-0.289294
7169	0.306813	-4.349469	-0.289294
7177	0.303692	-4.346774	-0.289294
7196	0.297628	-4.340159	-0.289294
7204	0.296484	-4.337096	-0.289294
7213	0.296387	-4.334461	-0.291066
7222	0.296694	-4.331764	-0.291066
7227	0.296988	-4.329836	-0.291066
7240	0.298860	-4.325200	-0.291066
7250	0.301524	-4.322450	-0.291066
7259	0.304614	-4.319645	-0.291094
7267	0.311269	-4.315194	-0.291094
7279	0.315730	-4.312432	-0.291094
7285	0.321092	-4.309654	-0.291094
7295	0.327612	-4.306849	-0.291094
7305	0.333527	-4.304000	-0.291370
7313	0.342948	-4.299658	-0.291761
7321	0.349606	-4.296664	-0.291761
7330	0.357618	-4.293128	-0.291761
7339	0.364488	-4.290024	-0.291761
7348	0.375291	-4.285328	-0.291761
7358	0.381458	-4.282167	-0.292037
7367	0.386826	-4.278973	-0.292037
7376	0.391647	-4.275630	-0.292037
7384	0.397894	-4.270697	-0.292037
7392	0.401227	-4.266793	-0.292037
7403	0.402522	-4.263456	-0.292037
7415	0.402350	-4.260137	-0.292435
7421	0.399348	-4.255086	-0.292435
7430	0.395686	-4.251734	-0.292435
7439	0.391356	-4.248383	-0.292435
7447	0.385277	-4.245098	-0.292435
7456	0.377754	-4.241347	-0.292435
7466	0.366141	-4.236668	-0.290657
7475	0.357597	-4.233621	-0.290657
7484	0.348841	-4.230581	-0.290657
7493	0.340480	-4.227643	-0.290657
7502	0.328492	-4.223454	-0.290657
7510	0.319855	-4.220738	-0.288630
7524	0.310208	-4.217659	-0.287655
7530	0.303051	-4.215023	-0.287655
7537	0.293067	-4.211293	-0.287655
7547	0.288459	-4.208849	-0.287655
7556	0.284117	-4.206410	-0.287655
7564	0.281703	-4.204000	-0.286706
7573	0.279359	-4.200167	-0.286706
7585	0.279370	-4.197853	-0.286706
7592	0.281011	-4.195575	-0.286706
7601	0.283006	-4.193214	-0.286706
7610	0.286793	-4.189729	-0.285702
7620	0.290918	-4.187314	-0.285702
7637	0.300339	-4.182480	-0.284248
7648	0.307681	-4.179565	-0.284248
7656	0.318829	-4.175732	-0.284248
7664	0.325790	-4.173064	-0.282631
7674	0.333619	-4.170349	-0.282631
7682	0.341759	-4.167610	-0.282631
7692	0.353724	-4.163461	-0.282631
7700	0.361399	-4.160577	-0.282631
7710	0.370481	-4.157158	-0.280903
7718	0.378085	-4.154183	-0.280903
7723	0.381926	-4.152641	-0.280903
7741	0.394793	-4.146396	-0.280903
7746	0.400631	-4.143219	-0.280903
7754	0.406054	-4.139966	-0.280903
7763	0.413690	-4.134471	-0.279132
7772	0.415964	-4.131108	-0.279132
7782	0.417325	-4.127661	-0.279132
7791	0.417276	-4.124102	-0.279132
7799	0.416982	-4.119003	-0.279132
7805	0.416831	-4.115616	-0.276855
7818	0.416503	-4.112190	-0.276855
7826	0.415035	-4.108246	-0.276855
7836	0.412946	-4.104827	-0.276855
7845	0.408809	-4.099793	-0.276855
7857	0.404945	-4.096365	-0.275462
7863	0.401141	-4.093036	-0.274426
7871	0.397045	-4.089705	-0.274426
7881	0.390961	-4.084777	-0.274426
7889	0.385405	-4.080946	-0.274426
7899	0.380499	-4.077641	-0.274426
7908	0.375260	-4.074398	-0.272164
7916	0.367216	-4.069714	-0.272164
7925	0.362250	-4.066593	-0.272164
7934	0.358066	-4.063574	-0.272164
7944	0.352774	-4.060596	-0.272164
7953	0.344714	-4.055842	-0.272164
7965	0.340164	-4.052940	-0.267413
7971	0.335555	-4.050025	-0.267413
7979	0.331390	-4.047218	-0.267413
7988	0.326043	-4.043120	-0.267413
7999	0.322116	-4.040349	-0.267413
8006	0.319061	-4.037635	-0.267413
8015	0.316303	-4.034483	-0.265015
8026	0.313574	-4.031741	-0.265015
8033	0.310427	-4.027794	-0.265015
8042	0.307871	-4.025136	-0.265015
8054	0.305424	-4.022510	-0.265015
8061	0.302809	-4.019979	-0.262239
8079	0.298034	-4.013443	-0.262239
8088	0.296242	-4.010919	-0.262239
8096	0.294331	-4.008442	-0.262239
8105	0.293681	-4.004828	-0.262239
8111	0.293936	-4.003638	-0.259247
8117	0.293974	-4.002330	-0.259247
8124	0.293100	-3.999776	-0.259247
8133	0.292842	-3.997289	-0.259247
8142	0.294709	-3.993192	-0.259247
8151	0.295783	-3.990660	-0.259247
8160	0.297352	-3.988119	-0.256006
8168	0.299603	-3.985631	-0.256006
8174	0.302046	-3.983079	-0.251144
8188	0.307299	-3.979281	-0.251144
8195	0.310548	-3.976747	-0.251144
8204	0.315306	-3.973787	-0.251144
8214	0.320242	-3.971180	-0.245422
8224	0.326957	-3.967244	-0.245422
8233	0.331100	-3.964579	-0.245422
8241	0.336524	-3.961842	-0.245422
8250	0.341248	-3.958904	-0.245422
8259	0.346484	-3.954556	-0.239197
8267	0.349904	-3.951091	-0.239197
8277	0.350984	-3.948142	-0.239197
8286	0.351709	-3.945213	-0.239197
8305	0.353125	-3.937767	-0.239197
8313	0.352634	-3.934807	-0.232768
8322	0.352153	-3.931843	-0.232768
8331	0.352120	-3.926994	-0.232768
8341	0.351094	-3.924125	-0.232768
8350	0.349818	-3.921131	-0.232768
8359	0.348092	-3.918105	-0.226244
8367	0.346258	-3.915117	-0.226244
8375	0.343158	-3.910658	-0.226244
8387	0.340105	-3.907670	-0.226244
8394	0.337089	-3.904300	-0.226244
8405	0.334015	-3.901353	-0.226244
8413	0.327213	-3.897086	-0.218858
8421	0.322854	-3.894226	-0.218858
8430	0.318122	-3.891417	-0.218858
8440	0.312668	-3.888672	-0.218858
8448	0.302758	-3.884405	-0.218858
8460	0.296454	-3.881878	-0.211117
8467	0.291011	-3.879385	-0.211117
8476	0.286507	-3.876943	-0.211117
8484	0.279109	-3.873336	-0.211117
8490	0.274828	-3.871184	-0.211117
8503	0.270739	-3.868550	-0.211117
8522	0.263825	-3.863558	-0.190959
8530	0.257625	-3.860229	-0.190959
8538	0.253756	-3.857977	-0.190959
8548	0.250065	-3.855740	-0.190959
8557	0.246610	-3.853560	-0.190959
8566	0.242643	-3.850465	-0.181414
8575	0.239479	-3.848050	-0.181414
8583	0.236988	-3.846035	-0.181414
8592	0.234884	-3.844041	-0.181414
8598	0.234586	-3.842430	-0.181414
8611	0.235255	-3.839318	-0.173418
8625	0.236391	-3.837278	-0.164992
8637	0.242968	-3.831556	-0.164992
8646	0.245452	-3.829300	-0.164992
8656	0.247363	-3.827057	-0.164992
8665	0.248241	-3.824849	-0.156735
8674	0.247850	-3.821490	-0.156735
8683	0.247435	-3.819238	-0.156735
8693	0.245934	-3.816885	-0.156735
8700	0.243150	-3.814326	-0.156735
8711	0.240322	-3.812240	-0.148558
8718	0.236752	-3.809231	-0.148558
8737	0.235158	-3.804951	-0.148558
8746	0.234972	-3.802766	-0.148558
8754	0.234082	-3.799274	-0.148558
8760	0.233744	-3.798027	-0.140382
8766	0.233325	-3.797100	-0.140382
8774	0.232262	-3.794926	-0.140382
8782	0.231302	-3.792818	-0.140382
8792	0.227967	-3.789643	-0.140382
8800	0.225441	-3.787559	-0.140382
8809	0.223748	-3.785521	-0.132399
8817	0.221942	-3.783546	-0.132399
8823	0.220377	-3.781927	-0.132399
8836	0.217925	-3.778584	-0.132399
8847	0.218294	-3.776702	-0.132399
8854	0.218058	-3.774889	-0.132399
8863	0.217368	-3.772095	-0.124541
8873	0.217273	-3.770096	-0.124541
8882	0.217375	-3.768113	-0.124541
8891	0.215824	-3.765734	-0.124541
8899	0.212854	-3.762911	-0.124541
8909	0.209543	-3.760937	-0.119169
8918	0.205885	-3.759056	-0.119169
8926	0.202256	-3.757212	-0.119169
8935	0.198615	-3.755371	-0.119169
8955	0.188674	-3.750907	-0.114474
8963	0.184994	-3.749328	-0.110182
8971	0.182580	-3.747809	-0.110182
8980	0.178601	-3.745562	-0.110182
8989	0.175184	-3.744035	-0.110182
8995	0.171316	-3.742488	-0.110182
9008	0.167056	-3.740952	-0.105867
9017	0.160592	-3.738552	-0.105867
9026	0.157043	-3.737050	-0.105867
9034	0.154374	-3.735656	-0.105867
9043	0.152054	-3.734283	-0.105867
9052	0.150333	-3.732394	-0.105867
9064	0.149374	-3.731137	-0.095325
9071	0.148587	-3.729927	-0.095325
9079	0.148578	-3.728565	-0.095325
9090	0.149606	-3.727350	-0.095325
9097	0.150998	-3.725649	-0.095325
9107	0.152338	-3.724516	-0.095325
9116	0.154338	-3.723402	-0.090338
9125	0.156319	-3.722225	-0.090338
9134	0.158615	-3.720055	-0.090338
9143	0.158864	-3.718646	-0.090338
9152	0.160994	-3.717171	-0.090338
9161	0.163809	-3.715725	-0.085413
9179	0.168405	-3.712032	-0.085413
9187	0.170048	-3.710503	-0.085413
9197	0.171256	-3.708715	-0.085413
9206	0.173407	-3.706532	-0.085413
9216	0.174654	-3.704892	-0.080608
9224	0.175727	-3.703374	-0.080608
9233	0.176671	-3.701925	-0.080608
9242	0.177117	-3.699782	-0.080608
9252	0.177120	-3.698328	-0.080608
9260	0.176768	-3.696641	-0.075834
9269	0.177866	-3.695021	-0.075834
9282	0.179233	-3.693362	-0.070944
9288	0.178298	-3.691006	-0.070944
9296	0.176054	-3.689409	-0.070944
9305	0.173521	-3.687895	-0.070944
9310	0.172843	-3.687397	-0.065130
9316	0.170114	-3.686322	-0.065130
9323	0.163683	-3.684053	-0.065130
9334	0.159849	-3.682630	-0.065130
9342	0.156673	-3.681219	-0.065130
9350	0.153400	-3.679901	-0.065130
9359	0.148724	-3.678103	-0.058869
9364	0.145841	-3.677222	-0.058869
9377	0.140252	-3.675788	-0.058869
9397	0.131936	-3.672671	-0.058869
9403	0.128657	-3.671447	-0.058869
9410	0.126348	-3.670622	-0.052736
9423	0.122706	-3.669141	-0.052736
9433	0.119669	-3.667446	-0.052736
9439	0.118248	-3.666343	-0.052736
9446	0.117399	-3.665465	-0.052736
9458	0.116231	-3.664039	-0.047907
9467	0.115230	-3.663074	-0.047907
9476	0.114305	-3.661744	-0.047907
9485	0.115065	-3.660893	-0.047907
9495	0.115787	-3.659909	-0.047907
9505	0.116687	-3.658930	-0.043976
9513	0.118850	-3.657209	-0.040489
9521	0.120799	-3.656035	-0.040489
9530	0.122999	-3.654892	-0.040489
9539	0.124742	-3.653724	-0.040489
9548	0.127654	-3.652095	-0.040489
9558	0.130063	-3.650928	-0.037128
9567	0.132563	-3.649780	-0.037128
9575	0.134393	-3.648480	-0.037128
9585	0.136059	-3.646882	-0.037128
9594	0.136972	-3.645827	-0.037128
9603	0.138298	-3.644739	-0.037128
9616	0.139407	-3.643586	-0.032181
9622	0.140074	-3.642407	-0.032181
9630	0.142156	-3.640469	-0.032181
9639	0.142528	-3.639203	-0.032181
9647	0.142492	-3.637823	-0.032181
9657	0.141046	-3.636495	-0.032181
9665	0.138083	-3.634495	-0.030467
9671	0.136548	-3.633305	-0.030467
9684	0.134076	-3.631451	-0.030467
9693	0.130996	-3.630130	-0.030467
9701	0.125503	-3.628287	-0.030467
9713	0.121567	-3.627109	-0.028494
9725	0.117842	-3.626049	-0.028494
9730	0.113577	-3.625049	-0.028494
9738	0.106419	-3.623756	-0.028494
9749	0.102401	-3.622860	-0.028494
9755	0.097636	-3.622034	-0.028494
9761	0.093066	-3.621272	-0.026595
9774	0.084796	-3.619968	-0.026595
9783	0.079453	-3.619211	-0.026595
9792	0.074365	-3.618374	-0.026595
9801	0.069927	-3.617647	-0.026595
9810	0.065449	-3.617028	-0.024668
9821	0.058697	-3.616180	-0.024668
9833	0.054762	-3.615737	-0.024668
9846	0.047925	-3.614964	-0.024668
9855	0.041625	-3.614465	-0.024668
9864	0.039324	-3.614202	-0.022783
9870	0.036662	-3.613960	-0.022783
9879	0.033059	-3.613694	-0.022783
9892	0.027732	-3.613276	-0.022783
9900	0.026380	-3.613015	-0.022783
9910	0.025617	-3.612567	-0.019502
9918	0.024210	-3.612196	-0.019502
9927	0.021112	-3.611837	-0.019502
9941	0.019463	-3.611568	-0.019502
9947	0.018137	-3.611256	-0.019502
9954	0.016804	-3.610985	-0.019502
9963	0.013803	-3.610651	-0.015846
9973	0.012610	-3.610435	-0.015846
9981	0.012667	-3.610333	-0.015846
9991	0.011492	-3.610255	-0.015846
9999	0.010155	-3.610185	-0.015846
10009	0.010138	-3.609940	-0.012176
10017	0.009441	-3.609850	-0.012176
10027	0.008034	-3.609656	-0.012176
10035	0.006228	-3.609464	-0.012176
10046	0.003665	-3.609193	-0.012176
10054	0.002206	-3.609079	-0.009103
10062	0.000300	-3.608909	-0.006001
10072	-0.002756	-3.608666	-0.006001
10081	-0.005038	-3.608394	-0.006001
10090	-0.006846	-3.608280	-0.006001
10098	-0.008062	-3.608222	-0.006001
10108	-0.010171	-3.608210	-0.002931
10116	-0.013105	-3.608205	-0.002931
10126	-0.014540	-3.608114	-0.002931
10135	-0.015532	-3.607997	-0.002931
10143	-0.015862	-3.607906	-0.002931
10152	-0.015941	-3.607824	-0.002931
10165	-0.014424	-3.607670	0.001590
10171	-0.012945	-3.607603	0.001590
10180	-0.012194	-3.607469	0.001590
10189	-0.012076	-3.607290	0.001590
10197	-0.010398	-3.607185	0.001590
10209	-0.009319	-3.607089	0.003450
10216	-0.008572	-3.606981	0.003450
10225	-0.007234	-3.606890	0.003450
10233	-0.004462	-3.606791	0.003450
10243	-0.002726	-3.606668	0.003450
10253	-0.001365	-3.606572	0.003450
10261	-0.000588	-3.606530	0.005214
10275	0.001390	-3.606430	0.005934
10288	0.003930	-3.606063	0.005934
10297	0.004195	-3.605879	0.005934
10306	0.005263	-3.605609	0.005934
10315	0.005775	-3.605352	0.006479
10324	0.005130	-3.605108	0.006479
10333	0.004561	-3.604963	0.006479
10342	0.004124	-3.604894	0.006479
10352	0.003578	-3.604718	0.006479
10361	0.003614	-3.604672	0.006903
10369	0.002568	-3.604670	0.006903
10388	-0.001595	-3.604565	0.006903
10396	-0.002151	-3.604521	0.006903
10405	-0.003402	-3.604482	0.006903
10416	-0.005375	-3.604416	0.008294
10424	-0.007784	-3.604362	0.008294
10433	-0.008525	-3.604302	0.008294
10442	-0.009164	-3.604240	0.008294
10450	-0.011395	-3.604232	0.008294
10459	-0.013893	-3.604255	0.010009
10470	-0.014951	-3.604307	0.010009
10477	-0.016134	-3.604445	0.010009
10486	-0.017784	-3.604508	0.009878
10497	-0.021650	-3.604559	0.009878
10504	-0.023240	-3.604662	0.009878
10513	-0.024305	-3.604852	0.009971
10523	-0.025886	-3.605008	0.009971
10532	-0.027532	-3.605211	0.009971
10541	-0.029872	-3.605477	0.009971
10549	-0.032161	-3.605683	0.009971
11018	0.000378	-3.618264	0.023838
11195	-0.053806	-3.622383	0.031121
11204	-0.056112	-3.622811	0.031756
11218	-0.058729	-3.623436	0.031756
11226	-0.060698	-3.623857	0.031756
11235	-0.062145	-3.624183	0.031756
11243	-0.063566	-3.624571	0.031756
11253	-0.064980	-3.625037	0.031756
11316	-0.066846	-3.628819	0.032056
11442	-0.032113	-3.636020	0.033049
11451	-0.025852	-3.636603	0.033049
11461	-0.022309	-3.636890	0.034100
11469	-0.019125	-3.637204	0.034100
11487	-0.009769	-3.637988	0.033688
11498	-0.006229	-3.638228	0.033688
11505	-0.002451	-3.638544	0.033688
11514	0.000361	-3.638723	0.034193
11523	0.005419	-3.639046	0.034193
11529	0.008041	-3.639248	0.034193
11541	0.009779	-3.639478	0.034193
11551	0.010546	-3.639608	0.034193
11560	0.010386	-3.639753	0.034999
11568	0.009123	-3.639929	0.034999
11574	0.008595	-3.640011	0.034999
11583	0.007812	-3.640139	0.034258
11597	0.003436	-3.640628	0.034258
11605	-0.000235	-3.640958	0.034258
11614	-0.002912	-3.641160	0.033817
11622	-0.005991	-3.641441	0.033817
11632	-0.010259	-3.641805	0.033817
11641	-0.016940	-3.642315	0.033817
11650	-0.020775	-3.642668	0.033817
11659	-0.025206	-3.643095	0.033716
11668	-0.029917	-3.643523	0.033716
11676	-0.036504	-3.644281	0.033716
11686	-0.040664	-3.644763	0.033716
11695	-0.046569	-3.645409	0.033716
11704	-0.051214	-3.645958	0.033716
11712	-0.055496	-3.646709	0.033668
11722	-0.058139	-3.647254	0.033668
11731	-0.060985	-3.647770	0.033668
11740	-0.064542	-3.648341	0.033668
11750	-0.069229	-3.649185	0.033668
11758	-0.069724	-3.649875	0.033668
11767	-0.069472	-3.650463	0.033610
11776	-0.069963	-3.650964	0.033610
11785	-0.070436	-3.651528	0.033610
11795	-0.068199	-3.652344	0.033610
11803	-0.065966	-3.652817	0.033610
