TIMESTAMPms	M1ATTITUDEyawspeed	M1ATTITUDEyaw	asrud
0	-0.040939	-2.755844	0.054449
10	-0.045115	-2.756628	0.054016
18	-0.048339	-2.757615	0.054016
26	-0.047842	-2.758914	0.054016
38	-0.044205	-2.759770	0.054016
45	-0.037976	-2.760628	0.054016
54	-0.031386	-2.761433	0.054016
65	-0.023006	-2.762599	0.053512
72	-0.017498	-2.763327	0.053512
81	-0.011583	-2.764124	0.053512
90	-0.008242	-2.764758	0.053512
100	-0.003332	-2.765658	0.053512
108	-0.001326	-2.766219	0.052918
118	-0.000702	-2.766739	0.052918
126	-0.001375	-2.767233	0.052918
135	-0.003078	-2.767725	0.052918
144	-0.007649	-2.768545	0.052918
153	-0.012008	-2.769005	0.052918
163	-0.017683	-2.769445	0.052337
175	-0.025077	-2.769911	0.052062
181	-0.039831	-2.770649	0.052062
189	-0.050652	-2.771171	0.052062
198	-0.059800	-2.771689	0.052062
207	-0.070649	-2.772346	0.051674
216	-0.082979	-2.773201	0.051674
225	-0.089955	-2.773726	0.051674
234	-0.095992	-2.774251	0.051674
243	-0.100654	-2.774798	0.051674
252	-0.107450	-2.775589	0.051674
261	-0.109742	-2.776179	0.051282
267	-0.110361	-2.776632	0.051282
289	-0.107432	-2.777390	0.051306
297	-0.102046	-2.777823	0.051306
306	-0.097608	-2.778013	0.051306
315	-0.093234	-2.778121	0.051221
324	-0.088589	-2.778164	0.051221
334	-0.080536	-2.778114	0.051221
342	-0.075766	-2.777966	0.051221
352	-0.071214	-2.777758	0.051221
360	-0.067111	-2.777507	0.750000
370	-0.061633	-2.777058	0.750000
378	-0.059163	-2.776718	0.750000
392	-0.055972	-2.776284	0.750000
398	-0.052964	-2.776109	0.750000
405	-0.050391	-2.775288	0.750000
415	-0.052424	-2.774814	0.750000
424	-0.064457	-2.774378	0.750000
432	-0.087357	-2.774071	0.750000
441	-0.120647	-2.773993	0.750000
451	-0.205625	-2.774687	0.750000
460	-0.263319	-2.775629	0.750000
469	-0.317019	-2.777020	0.750000
477	-0.367302	-2.778833	0.750000
487	-0.434131	-2.782300	0.750000
496	-0.472241	-2.785017	0.750000
504	-0.505181	-2.788048	0.750000
515	-0.538378	-2.791955	0.750000
532	-0.600331	-2.801280	0.750000
541	-0.620414	-2.805382	0.750000
549	-0.638908	-2.809643	0.750000
558	-0.663146	-2.816345	0.750000
564	-0.674694	-2.820013	0.750000
577	-0.690415	-2.826673	0.750000
586	-0.698744	-2.831563	0.750000
596	-0.709291	-2.839149	0.750000
604	-0.716954	-2.844311	0.750000
613	-0.725233	-2.849580	0.750000
622	-0.733849	-2.855000	0.750000
632	-0.741358	-2.860536	0.750000
639	-0.753164	-2.869956	0.750000
649	-0.759806	-2.875776	0.750000
658	-0.765950	-2.881689	0.750000
667	-0.770161	-2.887714	0.750000
675	-0.776622	-2.896966	0.750000
685	-0.780733	-2.903232	0.750000
694	-0.784193	-2.909609	0.750000
704	-0.786369	-2.917222	0.750000
712	-0.787455	-2.927058	0.750000
724	-0.788815	-2.933742	0.750000
730	-0.789659	-2.940511	0.750000
739	-0.791060	-2.947329	0.750000
748	-0.794340	-2.957753	0.750000
757	-0.797082	-2.964831	0.750000
767	-0.800044	-2.973136	0.750000
775	-0.801822	-2.980311	0.750000
784	-0.804999	-2.991270	0.750000
793	-0.806844	-2.998643	0.750000
804	-0.808594	-3.006071	0.750000
811	-0.811042	-3.013566	0.750000
822	-0.814209	-3.021130	0.750000
833	-0.818623	-3.033913	0.750000
839	-0.821036	-3.041616	0.750000
847	-0.822099	-3.049307	0.750000
857	-0.822248	-3.056991	0.750000
865	-0.821603	-3.068655	0.750000
875	-0.819966	-3.076369	0.750000
883	-0.818129	-3.084110	0.750000
893	-0.816243	-3.093085	0.750000
901	-0.813031	-3.104692	0.750000
911	-0.810973	-3.112301	0.750000
920	-0.808430	-3.119891	0.750000
928	-0.806580	-3.127502	0.750000
942	-0.804175	-3.138914	0.750000
949	-0.802676	-3.147713	0.750000
955	-0.801396	-3.155154	0.750000
965	-0.800065	-3.162499	0.750000
974	-0.798688	-3.173468	0.750000
983	-0.799172	-3.180774	0.750000
991	-0.800485	-3.188035	0.750000
997	-0.801293	-3.197747	0.750000
1009	-0.802670	-3.206145	0.750000
1021	-0.803713	-3.214460	0.750000
1028	-0.803772	-3.221566	0.750000
1036	-0.802546	-3.228719	0.750000
1046	-0.799920	-3.235758	0.750000
1054	-0.795623	-3.246354	0.750000
1064	-0.790640	-3.253249	0.750000
1091	-0.770689	-3.278141	0.750000
1100	-0.765436	-3.284763	0.750000
1108	-0.761685	-3.291247	0.750000
1114	-0.759145	-3.297487	0.750000
1128	-0.758691	-3.307038	0.750000
1136	-0.758752	-3.314484	0.750000
1145	-0.758521	-3.320702	0.750000
1154	-0.759374	-3.326996	0.750000
1164	-0.761553	-3.336553	0.750000
1172	-0.763255	-3.342800	0.750000
1181	-0.764227	-3.349083	0.750000
1190	-0.764715	-3.355325	0.750000
1199	-0.765657	-3.361650	0.750000
1208	-0.768272	-3.372120	0.750000
1217	-0.770044	-3.378345	0.750000
1225	-0.772943	-3.384497	0.750000
1235	-0.776330	-3.390601	0.750000
1245	-0.781483	-3.400069	0.750000
1253	-0.784772	-3.406275	0.750000
1262	-0.787584	-3.413673	0.750000
1275	-0.789704	-3.419854	0.750000
1281	-0.794671	-3.429441	0.750000
1289	-0.798479	-3.435765	0.750000
1299	-0.803057	-3.442053	0.750000
1307	-0.808056	-3.448449	0.750000
1317	-0.814218	-3.458160	0.750000
1325	-0.818058	-3.465693	0.750000
1334	-0.821434	-3.472187	0.750000
1343	-0.824382	-3.478702	0.750000
1352	-0.829670	-3.488530	0.750000
1361	-0.832189	-3.495069	0.750000
1371	-0.833831	-3.501511	0.750000
1384	-0.835430	-3.508005	0.750000
1389	-0.836620	-3.517808	0.750000
1397	-0.836403	-3.524305	0.750000
1406	-0.833985	-3.531912	0.750000
1415	-0.831743	-3.538282	0.750000
1424	-0.827946	-3.548052	0.750000
1434	-0.822858	-3.554348	0.750000
1443	-0.818120	-3.560622	0.750000
1451	-0.813719	-3.566922	0.750000
1462	-0.808632	-3.576362	0.750000
1470	-0.804820	-3.582447	0.750000
1479	-0.803181	-3.588481	0.750000
1491	-0.803405	-3.595627	0.750000
1498	-0.807401	-3.604839	0.750000
1506	-0.810784	-3.610982	0.750000
1515	-0.814081	-3.617140	0.750000
1524	-0.818313	-3.623218	0.750000
1533	-0.821276	-3.629432	0.750000
1542	-0.822874	-3.638895	0.750000
1551	-0.822104	-3.645037	0.750000
1560	-0.818183	-3.652344	0.750000
1570	-0.812285	-3.658529	0.750000
1577	-0.799639	-3.667864	0.750000
1587	-0.789221	-3.673811	0.750000
1596	-0.778691	-3.679707	0.750000
1614	-0.749901	-3.694259	0.750000
1623	-0.738078	-3.699713	0.750000
1632	-0.726938	-3.705095	0.750000
1641	-0.716608	-3.711285	0.750000
1649	-0.704882	-3.719270	0.750000
1661	-0.697896	-3.724313	0.750000
1668	-0.692601	-3.729343	0.750000
1678	-0.689991	-3.734477	0.750000
1685	-0.689622	-3.742294	0.750000
1697	-0.689516	-3.747337	0.750000
1704	-0.689394	-3.753383	0.750000
1715	-0.692494	-3.758409	0.750000
1723	-0.699116	-3.766147	0.750000
1731	-0.702588	-3.771288	0.750000
1740	-0.707041	-3.776462	0.750000
1749	-0.714628	-3.781599	0.750000
1758	-0.728227	-3.790737	0.750000
1803	-0.765314	-3.821173	0.750000
1812	-0.770270	-3.826855	0.750000
1825	-0.779123	-3.833752	0.750000
1831	-0.787323	-3.839501	0.750000
1839	-0.794832	-3.848637	0.750000
1849	-0.797223	-3.854497	0.750000
1857	-0.798258	-3.860560	0.750000
1866	-0.800133	-3.866484	0.750000
1875	-0.802351	-3.875722	0.750000
1880	-0.803286	-3.880536	0.750000
1894	-0.805028	-3.888705	0.750000
1902	-0.805816	-3.894769	0.750000
1911	-0.802545	-3.904022	0.750000
1920	-0.798047	-3.910083	0.750000
1926	-0.791659	-3.915921	0.750000
1940	-0.783375	-3.921747	0.750000
1948	-0.761548	-3.931618	0.750000
1957	-0.743364	-3.937126	0.750000
1965	-0.724003	-3.942557	0.750000
1974	-0.703953	-3.947869	0.750000
1984	-0.683521	-3.952882	0.750000
1992	-0.650664	-3.960390	0.750000
2002	-0.630157	-3.964936	0.750000
2011	-0.609564	-3.970138	0.750000
2020	-0.592996	-3.974456	0.750000
2028	-0.570831	-3.980915	0.750000
2043	-0.559425	-3.984837	0.750000
2048	-0.549778	-3.988801	0.750000
2056	-0.541466	-3.992575	0.750000
2064	-0.530342	-3.998465	0.750000
2074	-0.522342	-4.002785	0.750000
2082	-0.517496	-4.006442	0.750000
2092	-0.513231	-4.009955	0.750000
2100	-0.509214	-4.015585	0.750000
2111	-0.507884	-4.019067	0.750000
2119	-0.506961	-4.022561	0.750000
2128	-0.506819	-4.026804	0.750000
2136	-0.508011	-4.030438	0.750000
2155	-0.516441	-4.039640	0.750000
2164	-0.520827	-4.043240	0.750000
2173	-0.525933	-4.046890	0.750000
2182	-0.537270	-4.052811	0.750000
2190	-0.545003	-4.056718	0.750000
2196	-0.549419	-4.059169	0.750000
2209	-0.561838	-4.065347	0.750000
2219	-0.577336	-4.071607	0.750000
2227	-0.586968	-4.075856	0.750000
2236	-0.595847	-4.080061	0.750000
2244	-0.604713	-4.084446	0.750000
2254	-0.616631	-4.091321	0.750000
2265	-0.622924	-4.096514	0.750000
2273	-0.627042	-4.100948	0.750000
2281	-0.629962	-4.105526	0.750000
2291	-0.630767	-4.112381	0.750000
2298	-0.629389	-4.116918	0.750000
2308	-0.626486	-4.121423	0.750000
2313	-0.625053	-4.123196	0.750000
2328	-0.616822	-4.130924	0.750000
2335	-0.609562	-4.137560	0.750000
2344	-0.605564	-4.141713	0.750000
2353	-0.601844	-4.145963	0.750000
2362	-0.598105	-4.150169	0.750000
2376	-0.593289	-4.156385	0.750000
2383	-0.592317	-4.160324	0.750000
2390	-0.591332	-4.165098	0.750000
2398	-0.589791	-4.168996	0.750000
2407	-0.588411	-4.175172	0.750000
2416	-0.588180	-4.179173	0.750000
2426	-0.587646	-4.183180	0.750000
2436	-0.587354	-4.187052	0.750000
2445	-0.586581	-4.193826	0.750000
2452	-0.586385	-4.197830	0.750000
2462	-0.586143	-4.201700	0.750000
2470	-0.585014	-4.205686	0.750000
2489	-0.577867	-4.215699	0.750000
2498	-0.575019	-4.219669	0.750000
2507	-0.572539	-4.224239	0.750000
2515	-0.568748	-4.228241	0.750000
2525	-0.562903	-4.234290	0.750000
2533	-0.560207	-4.238293	0.750000
2543	-0.557635	-4.242314	0.750000
2552	-0.553778	-4.246264	0.750000
2560	-0.545798	-4.252549	0.750000
2605	-0.512063	-4.275432	0.750000
2615	-0.506792	-4.279390	0.750000
2624	-0.501682	-4.283363	0.750000
2632	-0.494830	-4.290349	0.750000
2638	-0.491615	-4.294097	0.750000
2650	-0.488730	-4.298382	0.750000
2660	-0.486104	-4.302385	0.750000
2669	-0.483071	-4.308697	0.750000
2678	-0.482437	-4.312694	0.750000
2687	-0.482527	-4.317453	0.750000
2696	-0.483444	-4.321577	0.750000
2705	-0.485412	-4.325716	0.750000
2714	-0.489330	-4.332041	0.750000
2723	-0.493098	-4.336257	0.750000
2732	-0.498432	-4.340396	0.750000
2777	-0.541335	-4.365117	0.750000
2786	-0.555479	-4.371953	0.750000
2795	-0.565449	-4.376515	0.750000
2805	-0.574906	-4.381036	0.750000
2815	-0.583096	-4.385717	0.750000
2823	-0.593921	-4.393614	0.750000
2831	-0.596363	-4.398308	0.750000
2840	-0.596717	-4.402838	0.750000
2849	-0.595829	-4.407445	0.750000
2858	-0.592529	-4.411923	0.750000
2868	-0.583828	-4.418886	0.750000
2876	-0.576129	-4.423357	0.750000
2886	-0.565710	-4.428458	0.750000
2894	-0.556627	-4.432761	0.750000
2904	-0.543073	-4.439162	0.750000
2912	-0.532920	-4.443208	0.750000
2925	-0.523028	-4.447284	0.750000
2932	-0.515220	-4.451262	0.750000
2939	-0.504556	-4.457338	0.750000
2948	-0.496467	-4.461799	0.750000
2958	-0.489958	-4.465548	0.750000
2966	-0.483456	-4.469350	0.750000
2977	-0.476723	-4.475051	0.750000
2984	-0.473291	-4.478796	0.750000
2993	-0.469606	-4.482519	0.750000
3003	-0.466145	-4.486154	0.750000
3011	-0.464589	-4.492625	0.750000
3020	-0.465237	-4.496279	0.750000
3035	-0.465574	-4.499974	0.750000
3074	-0.486617	-4.522249	0.750000
3084	-0.492714	-4.526262	0.750000
3092	-0.505207	-4.532674	0.750000
3104	-0.513718	-4.536893	0.750000
3110	-0.522017	-4.541276	0.750000
3120	-0.530671	-4.545576	0.750000
3129	-0.545733	-4.553162	0.750000
3142	-0.554759	-4.557712	0.750000
3148	-0.563740	-4.562335	0.750000
3156	-0.571452	-4.567000	0.750000
3166	-0.584184	-4.574159	0.750000
3174	-0.590746	-4.578902	0.750000
3183	-0.596758	-4.583709	0.750000
3192	-0.602601	-4.588451	0.750000
3201	-0.610249	-4.596706	0.750000
3209	-0.613550	-4.601540	0.750000
3215	-0.615123	-4.604611	0.750000
3228	-0.617027	-4.611082	0.750000
3237	-0.616557	-4.615887	0.750000
3246	-0.615260	-4.623053	0.750000
3255	-0.614541	-4.628582	0.750000
3264	-0.613961	-4.633210	0.750000
3273	-0.612807	-4.637821	0.750000
3282	-0.611031	-4.644758	0.750000
3291	-0.609406	-4.649298	0.750000
3301	-0.606281	-4.653725	0.750000
3309	-0.601920	-4.658162	0.750000
3317	-0.593344	-4.665633	0.750000
3336	-0.580283	-4.674005	0.750000
3345	-0.571467	-4.678171	0.750000
3355	-0.556594	-4.684269	0.750000
3365	-0.545349	-4.688126	0.750000
3372	-0.534264	-4.691974	0.750000
3381	-0.519980	-4.696411	0.750000
3390	-0.502543	-4.701900	0.750000
3499	-0.407721	-4.744845	0.750000
3507	-0.405007	-4.750317	0.750000
3512	-0.404423	-4.752041	0.750000
3518	-0.404452	-4.753471	0.750000
3526	-0.404638	-4.756666	0.750000
3534	-0.405767	-4.759939	0.750000
3543	-0.409243	-4.765027	0.750000
3553	-0.413561	-4.768356	0.750000
3561	-0.419055	-4.771787	0.750000
3571	-0.427020	-4.775807	0.750000
3589	-0.447985	-4.784795	0.750000
3597	-0.457683	-4.788497	0.750000
3616	-0.477990	-4.796058	0.750000
3627	-0.494516	-4.802008	0.750000
3634	-0.506736	-4.806667	0.750000
3643	-0.516247	-4.810710	0.750000
3994	-0.410355	-4.973998	0.692319
4328	-0.333017	-5.091076	0.353167
4337	-0.331141	-5.093685	0.353167
4345	-0.328506	-5.097614	0.353167
4445	-0.244001	-5.124699	0.223172
4455	-0.229318	-5.127304	0.223172
4465	-0.219964	-5.128933	0.150817
4472	-0.209659	-5.130504	0.150817
4481	-0.198401	-5.132031	0.150817
4486	-0.195292	-5.132524	0.150817
4495	-0.187702	-5.133564	0.150817
4509	-0.157031	-5.137143	0.077348
4517	-0.147685	-5.138422	0.077348
4528	-0.138583	-5.139653	0.077348
4534	-0.126775	-5.141516	0.077348
4544	-0.121470	-5.142695	0.077348
4554	-0.118205	-5.143810	0.077348
4562	-0.114855	-5.144929	0.004886
4576	-0.108866	-5.146923	0.004886
4582	-0.104183	-5.148048	0.004886
4590	-0.099438	-5.149216	0.004886
4598	-0.094058	-5.150356	0.004886
4607	-0.084524	-5.152074	0.004886
4617	-0.078272	-5.153157	-0.026733
4626	-0.072075	-5.154206	-0.026733
4634	-0.065141	-5.155412	-0.026733
4645	-0.059111	-5.156947	-0.026733
4652	-0.057814	-5.157916	-0.026733
4662	-0.057302	-5.158882	-0.054774
4670	-0.057461	-5.159852	-0.054774
4689	-0.058338	-5.162533	-0.054774
4698	-0.054978	-5.163491	-0.054774
4706	-0.051194	-5.164403	-0.054774
4764	-0.036350	-5.170735	-0.113538
4779	-0.032541	-5.172401	-0.113538
4792	-0.029791	-5.173193	-0.113538
4799	-0.021773	-5.174420	-0.113538
4806	-0.016267	-5.175223	-0.113538
4815	-0.009718	-5.176270	-0.144247
4824	-0.004689	-5.177019	-0.144247
4832	0.001111	-5.177755	-0.144247
4844	0.005945	-5.177758	-0.144247
4850	0.010794	-5.177700	-0.144247
4862	0.013928	-5.177446	-0.174017
4870	0.016004	-5.177350	-0.174017
4877	0.019450	-5.177555	-0.174017
4887	0.021954	-5.177651	-0.174017
4905	0.024614	-5.177736	-0.174017
4915	0.027711	-5.177795	-0.203794
4924	0.028301	-5.177794	-0.203794
4932	0.028695	-5.177814	-0.203794
4941	0.031771	-5.177798	-0.203794
4950	0.034367	-5.177308	-0.203794
4959	0.033128	-5.176830	-0.231866
4969	0.034422	-5.176227	-0.231866
4978	0.035409	-5.175516	-0.231866
4986	0.031637	-5.174539	-0.231866
4995	0.030095	-5.173675	-0.231866
5004	0.030321	-5.172873	-0.231866
5016	0.030914	-5.172193	-0.261887
5023	0.031625	-5.171507	-0.261887
5030	0.032980	-5.170568	-0.261887
5041	0.036558	-5.169819	-0.261887
5049	0.040698	-5.169022	-0.261887
5058	0.042556	-5.168132	-0.261887
5068	0.046420	-5.166736	-0.291621
5076	0.053419	-5.165946	-0.291621
5085	0.062156	-5.165203	-0.291621
5094	0.071161	-5.164027	-0.291621
5103	0.084825	-5.161777	-0.291621
5112	0.097418	-5.159804	-0.318570
5131	0.124749	-5.155379	-0.318570
5139	0.142504	-5.152550	-0.318570
5149	0.155849	-5.150589	-0.318570
5158	0.168834	-5.148539	-0.343674
5167	0.181557	-5.146426	-0.343674
5175	0.194000	-5.144320	-0.343674
5185	0.214392	-5.141141	-0.343674
5194	0.230492	-5.138476	-0.343674
5203	0.242683	-5.135901	-0.343674
5212	0.254605	-5.133244	-0.364506
5220	0.270835	-5.129074	-0.364506
5234	0.278743	-5.126094	-0.364506
5240	0.286395	-5.123052	-0.364506
5247	0.293688	-5.119908	-0.364506
5257	0.301226	-5.114842	-0.364506
5266	0.303798	-5.111782	-0.382995
5274	0.306824	-5.108749	-0.382995
5284	0.306162	-5.105698	-0.382995
5292	0.301567	-5.101258	-0.382995
5302	0.298515	-5.098278	-0.382995
5311	0.294366	-5.095340	-0.396901
5320	0.288793	-5.092085	-0.396901
5329	0.281195	-5.088071	-0.396901
5337	0.277754	-5.085391	-0.396901
5348	0.273801	-5.082400	-0.396901
5356	0.269424	-5.079218	-0.396901
5365	0.267502	-5.076139	-0.408599
5374	0.268652	-5.071553	-0.408599
5382	0.269715	-5.068859	-0.408599
5392	0.272949	-5.066133	-0.408599
5401	0.277510	-5.063384	-0.408599
5409	0.285481	-5.059293	-0.417270
5420	0.291263	-5.056557	-0.417270
5428	0.298094	-5.053829	-0.417270
5437	0.307436	-5.050531	-0.417270
5445	0.320530	-5.046038	-0.417270
5456	0.331088	-5.042800	-0.417270
5463	0.343276	-5.039548	-0.423006
5473	0.357178	-5.036248	-0.423006
5481	0.380342	-5.031166	-0.423006
5491	0.397794	-5.027551	-0.423006
5500	0.417691	-5.023154	-0.423006
5509	0.433437	-5.019298	-0.423931
5518	0.448350	-5.015395	-0.423931
5528	0.469217	-5.009400	-0.423931
5536	0.482069	-5.005243	-0.423931
5545	0.492585	-5.000963	-0.423931
5554	0.503532	-4.996687	-0.423931
5567	0.520567	-4.989514	-0.421818
5573	0.528337	-4.985093	-0.421818
5581	0.536064	-4.980626	-0.421818
5590	0.543230	-4.975938	-0.421818
5600	0.551108	-4.968977	-0.421818
5608	0.553274	-4.964194	-0.421818
5618	0.556166	-4.959399	-0.417721
5626	0.560456	-4.953912	-0.417721
5635	0.563150	-4.946914	-0.417721
5645	0.563528	-4.942161	-0.417721
5654	0.564338	-4.937384	-0.417721
5662	0.565485	-4.932682	-0.411839
5681	0.569213	-4.920792	-0.403915
5689	0.573334	-4.915190	-0.403915
5701	0.577337	-4.910354	-0.403915
5708	0.581657	-4.905441	-0.395879
5716	0.589521	-4.898118	-0.395879
5725	0.595082	-4.893047	-0.395879
5734	0.600979	-4.888054	-0.395879
5740	0.607231	-4.882987	-0.395879
5749	0.616738	-4.874488	-0.395879
5761	0.623476	-4.869308	-0.388546
5771	0.630542	-4.863994	-0.388546
5789	0.647496	-4.850683	-0.381431
5797	0.652899	-4.845251	-0.381431
5807	0.660641	-4.838810	-0.381431
5816	0.667148	-4.833099	-0.375024
5825	0.677386	-4.824632	-0.375024
5834	0.682385	-4.818766	-0.375024
5843	0.688164	-4.812903	-0.375024
5851	0.694167	-4.807066	-0.375024
5861	0.700864	-4.798322	-0.369145
5870	0.703142	-4.791421	-0.369145
5879	0.703615	-4.785500	-0.369145
5892	0.700456	-4.779513	-0.369145
5898	0.693017	-4.773714	-0.369145
5906	0.678035	-4.765158	-0.369145
5915	0.668681	-4.759445	-0.364001
5923	0.659675	-4.753875	-0.364001
5933	0.651134	-4.748293	-0.364001
5942	0.639638	-4.739415	-0.364001
5951	0.632208	-4.734137	-0.364001
5959	0.625051	-4.728896	-0.359701
5965	0.619179	-4.724518	-0.359701
5978	0.607044	-4.715777	-0.359701
5987	0.598577	-4.710560	-0.359701
5996	0.588272	-4.704738	-0.359701
6007	0.580088	-4.699919	-0.359701
6013	0.568276	-4.692894	-0.356074
6025	0.560777	-4.688263	-0.356074
6032	0.554426	-4.683739	-0.356074
6043	0.549418	-4.679184	-0.356074
6050	0.543597	-4.672564	-0.356074
6059	0.538618	-4.667441	-0.353222
6068	0.535644	-4.662946	-0.353222
6077	0.534777	-4.658503	-0.353222
6086	0.535187	-4.654058	-0.353222
6095	0.536887	-4.647620	-0.353222
6105	0.539551	-4.643232	-0.353222
6115	0.543018	-4.638837	-0.352584
6122	0.547936	-4.634423	-0.352584
6131	0.556109	-4.627186	-0.352584
6140	0.561280	-4.622759	-0.352584
6149	0.566850	-4.618258	-0.352584
6155	0.571434	-4.614975	-0.352584
6168	0.583175	-4.606983	-0.351501
6176	0.589241	-4.602324	-0.351501
6185	0.595496	-4.596785	-0.351501
6194	0.601463	-4.592047	-0.351501
6203	0.610371	-4.584909	-0.351501
6212	0.616597	-4.579990	-0.349836
6230	0.628162	-4.569887	-0.349267
6239	0.632858	-4.564727	-0.349267
6249	0.639661	-4.556285	-0.349267
6257	0.642380	-4.551184	-0.349267
6266	0.643607	-4.546039	-0.348501
6276	0.643306	-4.540891	-0.348501
6285	0.642105	-4.533256	-0.348501
6294	0.640426	-4.528123	-0.348501
6303	0.639264	-4.523007	-0.348501
6312	0.637969	-4.517025	-0.347423
6320	0.637708	-4.509387	-0.347423
6334	0.636816	-4.504224	-0.345600
6340	0.634672	-4.499045	-0.345600
6347	0.632718	-4.493900	-0.345600
6357	0.628411	-4.486276	-0.345600
6366	0.625202	-4.481145	-0.343816
6374	0.620676	-4.475302	-0.343816
6383	0.617035	-4.470326	-0.343816
6395	0.610579	-4.462945	-0.343816
6402	0.605934	-4.458028	-0.343816
6411	0.601409	-4.453095	-0.341867
6420	0.596820	-4.448169	-0.341867
6429	0.589605	-4.441000	-0.341867
6442	0.583509	-4.435471	-0.341867
6448	0.578137	-4.430717	-0.341867
6456	0.573107	-4.425978	-0.341867
6465	0.567836	-4.421335	-0.339829
6474	0.557860	-4.414461	-0.339829
6482	0.550819	-4.409882	-0.339829
6488	0.547631	-4.407923	-0.339829
6503	0.535847	-4.400315	-0.339829
6509	0.524951	-4.393914	-0.337646
6519	0.516827	-4.389620	-0.337646
6528	0.508681	-4.385353	-0.337646
6537	0.500064	-4.381171	-0.337646
6546	0.485422	-4.375162	-0.337646
6555	0.475200	-4.371188	-0.335971
6564	0.463532	-4.366677	-0.334814
6573	0.454447	-4.362866	-0.334814
6582	0.440801	-4.357303	-0.334814
6591	0.431734	-4.353663	-0.334814
6600	0.424239	-4.350067	-0.334814
6609	0.417069	-4.346502	-0.331584
6618	0.410931	-4.343009	-0.331584
6628	0.402835	-4.337352	-0.331584
6636	0.398923	-4.333954	-0.331584
6645	0.396665	-4.330623	-0.331584
6655	0.395556	-4.327251	-0.331584
6666	0.394626	-4.322201	-0.323411
6673	0.396118	-4.318762	-0.323411
6681	0.398753	-4.315271	-0.323411
6690	0.401912	-4.311202	-0.323411
6699	0.406605	-4.305921	-0.323411
6708	0.410490	-4.302302	-0.323411
6718	0.414488	-4.298530	-0.319919
6726	0.418576	-4.294720	-0.319919
6735	0.424292	-4.289220	-0.319919
6746	0.429084	-4.284835	-0.319919
6753	0.434288	-4.281098	-0.319919
6763	0.440353	-4.277265	-0.316014
6777	0.453679	-4.267556	-0.310595
6791	0.459744	-4.263592	-0.310595
6798	0.463673	-4.259535	-0.310595
6808	0.466298	-4.254739	-0.310595
6816	0.467363	-4.248706	-0.305266
6826	0.466743	-4.244562	-0.305266
6834	0.465599	-4.240349	-0.305266
6843	0.462659	-4.236214	-0.305266
6852	0.457274	-4.230235	-0.305266
6861	0.453021	-4.226288	-0.299895
6871	0.445870	-4.221718	-0.299895
6884	0.438680	-4.217838	-0.293793
6898	0.422711	-4.208648	-0.293793
6907	0.417167	-4.205052	-0.293793
6916	0.412168	-4.201435	-0.287450
6925	0.407097	-4.196155	-0.287450
6934	0.404371	-4.191995	-0.287450
6942	0.403055	-4.188437	-0.287450
6951	0.401516	-4.184948	-0.287450
6961	0.399363	-4.181459	-0.280967
6970	0.397715	-4.176411	-0.280967
6979	0.395740	-4.172958	-0.280967
6993	0.393746	-4.169462	-0.274480
7006	0.392102	-4.160522	-0.274480
7015	0.394120	-4.157239	-0.267796
7023	0.397699	-4.153948	-0.267796
7033	0.402458	-4.150582	-0.267796
7041	0.412505	-4.145526	-0.267796
7051	0.420215	-4.142038	-0.267796
7059	0.428069	-4.137916	-0.260897
7069	0.433897	-4.134336	-0.260897
7078	0.443268	-4.128861	-0.260897
7088	0.448121	-4.125088	-0.260897
7096	0.451295	-4.121226	-0.260897
7106	0.453558	-4.117392	-0.260897
7115	0.454946	-4.111806	-0.253895
7122	0.454108	-4.107431	-0.253895
7128	0.452641	-4.104396	-0.253895
7141	0.448012	-4.099856	-0.253895
7150	0.443605	-4.096105	-0.253895
7158	0.440408	-4.090631	-0.248034
7168	0.438108	-4.086891	-0.248034
7177	0.435686	-4.083097	-0.248034
7186	0.433387	-4.078801	-0.248034
7194	0.429961	-4.073330	-0.248034
7207	0.426082	-4.069610	-0.248034
7216	0.421017	-4.065878	-0.236289
7222	0.415993	-4.062244	-0.236289
7230	0.407764	-4.056955	-0.236289
7236	0.402837	-4.054092	-0.236289
7249	0.393824	-4.049451	-0.236289
7258	0.387271	-4.046035	-0.236289
7268	0.379810	-4.041231	-0.230690
7275	0.374589	-4.038088	-0.230690
7281	0.370047	-4.035808	-0.230690
7294	0.361523	-4.032007	-0.230690
7303	0.356140	-4.029069	-0.230690
7312	0.348006	-4.024213	-0.224595
7325	0.342732	-4.021330	-0.224595
7332	0.339032	-4.018441	-0.224595
7339	0.336306	-4.015569	-0.224595
7348	0.334353	-4.011370	-0.224595
7357	0.332007	-4.008458	-0.224595
7366	0.330492	-4.005658	-0.218230
7376	0.328513	-4.002471	-0.218230
7384	0.325746	-3.998541	-0.218230
7394	0.323624	-3.995797	-0.218230
7402	0.323470	-3.993168	-0.218230
7412	0.324616	-3.990523	-0.212194
7420	0.326057	-3.986587	-0.212194
7434	0.327312	-3.983461	-0.203811
7440	0.327104	-3.980588	-0.203811
7448	0.326056	-3.977715	-0.203811
7456	0.324951	-3.974927	-0.203811
7466	0.322888	-3.970859	-0.195706
7474	0.320905	-3.968138	-0.195706
7484	0.318936	-3.965324	-0.195706
7493	0.318742	-3.962493	-0.195706
7501	0.318928	-3.958016	-0.195706
7507	0.318755	-3.956485	-0.187557
7522	0.319340	-3.952607	-0.187557
7528	0.320718	-3.950064	-0.187557
7537	0.323852	-3.946154	-0.178831
7548	0.325917	-3.943511	-0.178831
7556	0.329253	-3.940327	-0.178831
7564	0.332036	-3.937556	-0.170489
7573	0.334874	-3.933354	-0.170489
7583	0.335594	-3.930437	-0.170489
7591	0.335859	-3.927536	-0.170489
7601	0.335493	-3.924583	-0.170489
7609	0.334934	-3.919941	-0.170489
7619	0.333749	-3.917100	-0.161479
7628	0.331644	-3.914378	-0.161479
7633	0.330594	-3.913042	-0.161479
7647	0.326005	-3.908901	-0.161479
7655	0.320970	-3.904948	-0.153002
7664	0.318305	-3.902353	-0.145240
7673	0.316357	-3.899740	-0.145240
7682	0.314080	-3.896799	-0.145240
7690	0.309099	-3.892891	-0.145240
7700	0.304348	-3.890216	-0.145240
7710	0.299771	-3.887713	-0.137635
7719	0.294134	-3.885113	-0.137635
7726	0.283633	-3.881465	-0.137635
7736	0.276684	-3.879030	-0.137635
7745	0.268691	-3.876234	-0.137635
7754	0.262625	-3.873856	-0.137635
7765	0.254105	-3.870754	-0.130047
7772	0.249559	-3.868711	-0.130047
7781	0.245840	-3.866726	-0.130047
7790	0.241899	-3.864673	-0.130047
7799	0.238412	-3.862683	-0.130047
7808	0.232457	-3.859548	-0.130047
7818	0.229434	-3.857572	-0.124277
7826	0.226922	-3.855588	-0.124277
7835	0.225327	-3.853569	-0.124277
7843	0.222770	-3.850668	-0.124277
7855	0.222311	-3.848710	-0.124277
7862	0.222087	-3.846788	-0.117997
7875	0.222464	-3.844540	-0.117997
7881	0.225264	-3.841786	-0.117997
7890	0.227161	-3.839904	-0.117997
7898	0.228680	-3.837954	-0.117997
7909	0.230069	-3.836036	-0.117997
7917	0.232410	-3.833208	-0.111589
7925	0.233309	-3.831327	-0.111589
7937	0.234697	-3.829003	-0.111589
7944	0.235195	-3.827051	-0.111589
7952	0.236418	-3.824035	-0.111589
