TIMESTAMPms	M1ATTITUDEyawspeed	M1ATTITUDEyaw	asrud
0	0.065399	-2.916327	0.054226
9	0.065258	-2.915701	0.055627
19	0.066117	-2.915047	0.055627
28	0.065987	-2.914366	0.055627
36	0.065661	-2.913281	0.055627
42	0.065540	-2.912886	0.055627
64	0.065538	-2.911193	0.057192
72	0.065409	-2.910161	0.057192
78	0.065817	-2.909538	0.057192
87	0.066804	-2.908751	0.057192
103	0.066926	-2.908080	0.057192
111	0.067316	-2.907342	0.059244
119	0.069138	-2.906372	0.059244
127	0.068971	-2.905739	0.059244
136	0.068477	-2.905128	0.059244
145	0.068624	-2.904528	0.059244
153	0.069936	-2.903599	0.059244
163	0.069356	-2.902877	0.061372
171	0.069130	-2.902272	0.061372
181	0.069426	-2.901709	0.061372
189	0.069610	-2.900798	0.061372
199	0.070474	-2.900192	0.061372
211	0.070662	-2.899595	0.063903
217	0.070920	-2.899046	0.063903
225	0.071646	-2.898171	0.063903
235	0.071514	-2.897672	0.063903
244	0.072088	-2.897199	0.063903
253	0.073146	-2.896731	0.063903
262	0.074117	-2.896029	0.066539
271	0.074412	-2.895561	0.066539
279	0.074299	-2.895116	0.066539
289	0.075402	-2.894632	0.066539
334	0.066180	-2.892530	0.071197
343	0.061437	-2.892154	0.071197
352	0.057150	-2.891921	0.071197
361	0.053514	-2.891753	0.073118
371	0.049464	-2.891600	0.073118
379	0.044075	-2.891395	0.073118
397	0.037318	-2.891280	0.073118
406	0.033789	-2.891251	0.073118
415	0.026625	-2.891204	0.074931
434	0.018622	-2.891101	0.074931
442	0.014943	-2.891066	0.074931
451	0.009714	-2.891103	0.074931
460	0.006210	-2.891139	0.076341
469	0.003363	-2.891173	0.076341
478	0.000491	-2.891228	0.076341
487	-0.001755	-2.891290	0.750000
495	-0.004343	-2.891383	0.750000
505	-0.006782	-2.891440	0.750000
514	-0.008991	-2.891497	0.750000
523	-0.011345	-2.891391	0.750000
532	-0.018882	-2.891308	0.750000
545	-0.034563	-2.891304	0.750000
552	-0.056483	-2.891404	0.750000
559	-0.086354	-2.891797	0.750000
568	-0.151363	-2.892949	0.750000
577	-0.201454	-2.894131	0.750000
622	-0.432776	-2.907952	0.750000
634	-0.464220	-2.911409	0.750000
641	-0.493882	-2.915110	0.750000
660	-0.558628	-2.926022	0.750000
668	-0.577358	-2.930480	0.750000
677	-0.593567	-2.935034	0.750000
685	-0.614064	-2.942091	0.750000
696	-0.625304	-2.946972	0.750000
704	-0.635204	-2.951924	0.750000
714	-0.644436	-2.956994	0.750000
723	-0.658188	-2.964803	0.750000
730	-0.669719	-2.971006	0.750000
739	-0.679715	-2.976427	0.750000
749	-0.688550	-2.981989	0.750000
762	-0.702373	-2.990459	0.750000
769	-0.711816	-2.996255	0.750000
776	-0.720002	-3.002124	0.750000
785	-0.727558	-3.008093	0.750000
793	-0.735952	-3.015151	0.750000
804	-0.744878	-3.024367	0.750000
812	-0.749410	-3.030521	0.750000
821	-0.753458	-3.036731	0.750000
831	-0.757325	-3.042995	0.750000
838	-0.762852	-3.052484	0.750000
847	-0.766969	-3.059982	0.750000
857	-0.769959	-3.066395	0.750000
870	-0.774176	-3.072873	0.750000
884	-0.790813	-3.089300	0.750000
893	-0.798448	-3.096030	0.750000
901	-0.807608	-3.102797	0.750000
912	-0.824408	-3.114251	0.750000
920	-0.832757	-3.121259	0.750000
930	-0.837762	-3.128283	0.750000
938	-0.840605	-3.135360	0.750000
947	-0.842775	-3.146062	0.750000
955	-0.840669	-3.153168	0.750000
965	-0.837170	-3.160256	0.750000
974	-0.829963	-3.168524	0.750000
986	-0.821926	-3.175465	0.750000
993	-0.809003	-3.185819	0.750000
1001	-0.800499	-3.192617	0.750000
1010	-0.792038	-3.199339	0.750000
1019	-0.784780	-3.206015	0.750000
1028	-0.778387	-3.215900	0.750000
1038	-0.775046	-3.223547	0.750000
1046	-0.772183	-3.230055	0.750000
1055	-0.770840	-3.236556	0.750000
1064	-0.772155	-3.246276	0.750000
1075	-0.773078	-3.252745	0.750000
1082	-0.775285	-3.259180	0.750000
1094	-0.779855	-3.265681	0.750000
1100	-0.789883	-3.276549	0.750000
1109	-0.796308	-3.283070	0.750000
1119	-0.802080	-3.289610	0.750000
1127	-0.807178	-3.296224	0.750000
1136	-0.812685	-3.306256	0.750000
1146	-0.815502	-3.312842	0.750000
1155	-0.816940	-3.319507	0.750000
1163	-0.818680	-3.327260	0.750000
1172	-0.820209	-3.333852	0.750000
1182	-0.822261	-3.343809	0.750000
1190	-0.821806	-3.350419	0.750000
1209	-0.817669	-3.363547	0.750000
1218	-0.813464	-3.373319	0.750000
1227	-0.810102	-3.380800	0.750000
1235	-0.807218	-3.387198	0.750000
1244	-0.804748	-3.393585	0.750000
1254	-0.804454	-3.403172	0.750000
1262	-0.804655	-3.409503	0.750000
1281	-0.802499	-3.422032	0.750000
1289	-0.801937	-3.432624	0.750000
1298	-0.800747	-3.438848	0.750000
1304	-0.799341	-3.442263	0.750000
1326	-0.792457	-3.457239	0.750000
1335	-0.789108	-3.466425	0.750000
1343	-0.784985	-3.472473	0.750000
1352	-0.779715	-3.479525	0.750000
1362	-0.777304	-3.485426	0.750000
1371	-0.775137	-3.494426	0.750000
1380	-0.775577	-3.500348	0.750000
1389	-0.777393	-3.506242	0.750000
1398	-0.779741	-3.512230	0.750000
1406	-0.785352	-3.521344	0.750000
1425	-0.795846	-3.534524	0.750000
1434	-0.800846	-3.540639	0.750000
1442	-0.811445	-3.549974	0.750000
1452	-0.818893	-3.556128	0.750000
1461	-0.825796	-3.562397	0.750000
1469	-0.831665	-3.568667	0.750000
1480	-0.841407	-3.579426	0.750000
1489	-0.846960	-3.585823	0.750000
1498	-0.851252	-3.592372	0.750000
1506	-0.855343	-3.598809	0.750000
1515	-0.858471	-3.605427	0.750000
1523	-0.864307	-3.615544	0.750000
1535	-0.868059	-3.623382	0.750000
1543	-0.871014	-3.630049	0.750000
1551	-0.873114	-3.636823	0.750000
1561	-0.875785	-3.647008	0.750000
1570	-0.876514	-3.653730	0.750000
1578	-0.876550	-3.660463	0.750000
1587	-0.876579	-3.667232	0.750000
1597	-0.876186	-3.678612	0.750000
1605	-0.876475	-3.685317	0.750000
1615	-0.875834	-3.692075	0.750000
1624	-0.873137	-3.698707	0.750000
1632	-0.865495	-3.708905	0.750000
1645	-0.860573	-3.715591	0.750000
1652	-0.855951	-3.722164	0.750000
1659	-0.851333	-3.728733	0.750000
1669	-0.846054	-3.736344	0.750000
1678	-0.841797	-3.746088	0.750000
1686	-0.839557	-3.752557	0.750000
1695	-0.835888	-3.759031	0.750000
1707	-0.832751	-3.765287	0.750000
1714	-0.828853	-3.774892	0.750000
1723	-0.828084	-3.782171	0.750000
1732	-0.825954	-3.788287	0.750000
1740	-0.822829	-3.794471	0.750000
1755	-0.816337	-3.803837	0.750000
1768	-0.807105	-3.815927	0.750000
1777	-0.802342	-3.821950	0.750000
1785	-0.796922	-3.832081	0.750000
1795	-0.792562	-3.838065	0.750000
1803	-0.787304	-3.843998	0.750000
1813	-0.780368	-3.849866	0.750000
1823	-0.765860	-3.858502	0.750000
1831	-0.755238	-3.864065	0.750000
1840	-0.741715	-3.869530	0.750000
1849	-0.722181	-3.875716	0.750000
1867	-0.687137	-3.888656	0.750000
1876	-0.671676	-3.893615	0.750000
1884	-0.656266	-3.898481	0.750000
1894	-0.644211	-3.903205	0.750000
1903	-0.624107	-3.910349	0.750000
1912	-0.605771	-3.915621	0.750000
1921	-0.592341	-3.919977	0.750000
1929	-0.581654	-3.924321	0.750000
1938	-0.570517	-3.930819	0.750000
1948	-0.561741	-3.934898	0.750000
1957	-0.552454	-3.938982	0.750000
1971	-0.544203	-3.942905	0.750000
1984	-0.530226	-3.953450	0.750000
1993	-0.526477	-3.957288	0.750000
2001	-0.524877	-3.961128	0.750000
2013	-0.524939	-3.967132	0.750000
2020	-0.524730	-3.971127	0.750000
2029	-0.525001	-3.975024	0.750000
2038	-0.527738	-3.979664	0.750000
2047	-0.531735	-3.983709	0.750000
2055	-0.538031	-3.990016	0.750000
2061	-0.539847	-3.992186	0.750000
2067	-0.541572	-3.994106	0.750000
2074	-0.546072	-3.998310	0.750000
2086	-0.551933	-4.002488	0.750000
2092	-0.561682	-4.009769	0.750000
2100	-0.566790	-4.014076	0.750000
2115	-0.571119	-4.018456	0.750000
2128	-0.582812	-4.029627	0.750000
2137	-0.587930	-4.034173	0.750000
2147	-0.592936	-4.038694	0.750000
2155	-0.598614	-4.043364	0.750000
2164	-0.608187	-4.051388	0.750000
2175	-0.615347	-4.056093	0.750000
2183	-0.622941	-4.060823	0.750000
2195	-0.630781	-4.065707	0.750000
2201	-0.643767	-4.073092	0.750000
2209	-0.651433	-4.078063	0.750000
2218	-0.661955	-4.084032	0.750000
2227	-0.672131	-4.089173	0.750000
2237	-0.682361	-4.094304	0.750000
2246	-0.693570	-4.102367	0.750000
2255	-0.700198	-4.107633	0.750000
2263	-0.707916	-4.113030	0.750000
2274	-0.714663	-4.118343	0.750000
2281	-0.723960	-4.127631	0.750000
2292	-0.730135	-4.133108	0.750000
2308	-0.739378	-4.144145	0.750000
2318	-0.742228	-4.152494	0.750000
2326	-0.743563	-4.158040	0.750000
2336	-0.745024	-4.163508	0.750000
2345	-0.745279	-4.170014	0.750000
2353	-0.740694	-4.178368	0.750000
2364	-0.737021	-4.183733	0.750000
2372	-0.732899	-4.189142	0.750000
2381	-0.726725	-4.194407	0.750000
2389	-0.714975	-4.202417	0.750000
2399	-0.707320	-4.207498	0.750000
2412	-0.699056	-4.213494	0.750000
2418	-0.691975	-4.218466	0.750000
2425	-0.683623	-4.223438	0.750000
2435	-0.670277	-4.230755	0.750000
2444	-0.660451	-4.235414	0.750000
2453	-0.650810	-4.240119	0.750000
2461	-0.640315	-4.244725	0.750000
2467	-0.631546	-4.248519	0.750000
2479	-0.612481	-4.256729	0.750000
2489	-0.602192	-4.260968	0.750000
2498	-0.592581	-4.265115	0.750000
2506	-0.578396	-4.271449	0.750000
2512	-0.570462	-4.274930	0.750000
2534	-0.552170	-4.284139	0.750000
2544	-0.542925	-4.290006	0.750000
2552	-0.536181	-4.293774	0.750000
2561	-0.530847	-4.297574	0.750000
2566	-0.529192	-4.298711	0.750000
2575	-0.526123	-4.301350	0.750000
2588	-0.516791	-4.311430	0.750000
2597	-0.514951	-4.315093	0.750000
2606	-0.513408	-4.318728	0.750000
2615	-0.512055	-4.322430	0.750000
2623	-0.511082	-4.328110	0.750000
2634	-0.510652	-4.331844	0.750000
2642	-0.510508	-4.335549	0.750000
2651	-0.511102	-4.339330	0.750000
2661	-0.512822	-4.345766	0.750000
2670	-0.514092	-4.349557	0.750000
2678	-0.515410	-4.353401	0.750000
2687	-0.517369	-4.357260	0.750000
2696	-0.522544	-4.363213	0.750000
2706	-0.526050	-4.367134	0.750000
2714	-0.529848	-4.371144	0.750000
2723	-0.534080	-4.375834	0.750000
2734	-0.540064	-4.382068	0.750000
2745	-0.544261	-4.386117	0.750000
2751	-0.548272	-4.390281	0.750000
2759	-0.552368	-4.394435	0.750000
2770	-0.556092	-4.398586	0.750000
2778	-0.561229	-4.405702	0.750000
2787	-0.562643	-4.409950	0.750000
2796	-0.562387	-4.414152	0.750000
2832	-0.546517	-4.433182	0.750000
2841	-0.540998	-4.437276	0.750000
2858	-0.522350	-4.448229	0.750000
2868	-0.514623	-4.452208	0.750000
2877	-0.506808	-4.456101	0.750000
2885	-0.496385	-4.461990	0.750000
2896	-0.489861	-4.465780	0.750000
2904	-0.483010	-4.469513	0.750000
2912	-0.476165	-4.473890	0.750000
2918	-0.473066	-4.476092	0.750000
2927	-0.468770	-4.479486	0.750000
2940	-0.459953	-4.486762	0.750000
2950	-0.456345	-4.490339	0.750000
2963	-0.453271	-4.493887	0.750000
2976	-0.449217	-4.503588	0.750000
2985	-0.449032	-4.507154	0.750000
2994	-0.448656	-4.510745	0.750000
3003	-0.449014	-4.516307	0.750000
3012	-0.450503	-4.519895	0.750000
3020	-0.452664	-4.523536	0.750000
3029	-0.454675	-4.527233	0.750000
3040	-0.458897	-4.533556	0.750000
3048	-0.462150	-4.537322	0.750000
3057	-0.466069	-4.541142	0.750000
3066	-0.469269	-4.544937	0.750000
3076	-0.474139	-4.550843	0.750000
3083	-0.477267	-4.554769	0.750000
3093	-0.481184	-4.559430	0.750000
3102	-0.484853	-4.563415	0.750000
3112	-0.488941	-4.567424	0.750000
3120	-0.493864	-4.573601	0.750000
3129	-0.497222	-4.577703	0.750000
3138	-0.499460	-4.581832	0.750000
3147	-0.502561	-4.585993	0.750000
3156	-0.505967	-4.593081	0.750000
3167	-0.506995	-4.597241	0.750000
3174	-0.507732	-4.601435	0.750000
3184	-0.508197	-4.605627	0.750000
3191	-0.508112	-4.612014	0.750000
3203	-0.507290	-4.616215	0.750000
3210	-0.505931	-4.620428	0.750000
3220	-0.503115	-4.625330	0.750000
3228	-0.497809	-4.631624	0.750000
3237	-0.494134	-4.635709	0.750000
3246	-0.490633	-4.639802	0.750000
3257	-0.486689	-4.643873	0.750000
3264	-0.480159	-4.649984	0.750000
3276	-0.477217	-4.653952	0.750000
3282	-0.473783	-4.658605	0.750000
3294	-0.470325	-4.662540	0.750000
3300	-0.466484	-4.666441	0.750000
3310	-0.461586	-4.672359	0.750000
3318	-0.458392	-4.676247	0.750000
3328	-0.455962	-4.680087	0.750000
3336	-0.454001	-4.683953	0.750000
3342	-0.452752	-4.687053	0.750000
3354	-0.450360	-4.694256	0.750000
3363	-0.449209	-4.698083	0.750000
3373	-0.448560	-4.701911	0.750000
3383	-0.448956	-4.707729	0.750000
3391	-0.449819	-4.711536	0.750000
3405	-0.449863	-4.716026	0.750000
3419	-0.452173	-4.725719	0.750000
3426	-0.453022	-4.729577	0.750000
3437	-0.454562	-4.733435	0.750000
3445	-0.455085	-4.737316	0.750000
3455	-0.454227	-4.743205	0.750000
3463	-0.453704	-4.747054	0.750000
3472	-0.454258	-4.751600	0.750000
3480	-0.455323	-4.755495	0.750000
3491	-0.455695	-4.759388	0.750000
3498	-0.456101	-4.765336	0.750000
3512	-0.455156	-4.769198	0.750000
3517	-0.455011	-4.773055	0.750000
3525	-0.455203	-4.776941	0.750000
3534	-0.456161	-4.783478	0.750000
3545	-0.456898	-4.787362	0.750000
3553	-0.457506	-4.791270	0.750000
3562	-0.458541	-4.795139	0.750000
3570	-0.459584	-4.801038	0.750000
3581	-0.460694	-4.804881	0.750000
3589	-0.461375	-4.808744	0.750000
3599	-0.462285	-4.813264	0.750000
3606	-0.462508	-4.819135	0.750000
3625	-0.464603	-4.826808	0.750000
3634	-0.464696	-4.830656	0.750000
3642	-0.464808	-4.834525	0.750000
3654	-0.466167	-4.841102	0.750000
3661	-0.467002	-4.844996	0.750000
3671	-0.466967	-4.848862	0.750000
3679	-0.465787	-4.852720	0.750000
3805	-0.425408	-4.915750	0.750000
3816	-0.422839	-4.919504	0.750000
3823	-0.420497	-4.923237	0.750000
3833	-0.417773	-4.926938	0.750000
3844	-0.412747	-4.933170	0.750000
3851	-0.409954	-4.936798	0.750000
3859	-0.407926	-4.940428	0.750000
3868	-0.406103	-4.944042	0.750000
3878	-0.404300	-4.949490	0.750000
3887	-0.403529	-4.953067	0.750000
3896	-0.403336	-4.956665	0.750000
3904	-0.403227	-4.960239	0.750000
3913	-0.402119	-4.966196	0.750000
3922	-0.402787	-4.969715	0.750000
3931	-0.403043	-4.973267	0.750000
3941	-0.402913	-4.976775	0.750000
3953	-0.404800	-4.982125	0.750000
3959	-0.406831	-4.985645	0.750000
3968	-0.409152	-4.989786	0.750000
3977	-0.411004	-4.993309	0.750000
3985	-0.413536	-4.996840	0.750000
3994	-0.418093	-5.002200	0.750000
4006	-0.421534	-5.005751	0.750000
4012	-0.426010	-5.009317	0.750000
4022	-0.430821	-5.012902	0.750000
4032	-0.438076	-5.018984	0.750000
4040	-0.442498	-5.022580	0.750000
4048	-0.446690	-5.026228	0.750000
4067	-0.455446	-5.035430	0.703113
4076	-0.458651	-5.039106	0.703113
4085	-0.460879	-5.042789	0.703113
4094	-0.463489	-5.047134	0.703113
4102	-0.466899	-5.052721	0.703113
4114	-0.468314	-5.056489	0.642962
4121	-0.469195	-5.060273	0.642962
4130	-0.468989	-5.064025	0.642962
4140	-0.467127	-5.069680	0.642962
4147	-0.465638	-5.073372	0.642962
4160	-0.463556	-5.077741	0.642962
4166	-0.462469	-5.081476	0.579645
4177	-0.460113	-5.087138	0.579645
4184	-0.457732	-5.090893	0.579645
4193	-0.454669	-5.094576	0.579645
4202	-0.450389	-5.098270	0.579645
4207	-0.449288	-5.099456	0.523038
4216	-0.443717	-5.102022	0.523038
4229	-0.418937	-5.111802	0.523038
4239	-0.408923	-5.115403	0.523038
4249	-0.399627	-5.118931	0.523038
4256	-0.389317	-5.124181	0.523038
4952	-0.002707	-5.266966	-0.129738
4959	-0.005874	-5.266831	-0.129738
4968	-0.008807	-5.266689	-0.153716
4987	-0.008228	-5.266296	-0.153716
4996	-0.007107	-5.266127	-0.153716
5005	-0.004563	-5.266005	-0.153716
5013	0.002039	-5.265806	-0.177962
5094	0.087530	-5.257942	-0.204229
5104	0.097744	-5.256911	-0.204229
5113	0.109194	-5.255931	-0.228948
5122	0.120696	-5.254864	-0.228948
5131	0.134584	-5.253042	-0.228948
5140	0.143602	-5.251803	-0.228948
5149	0.154228	-5.250398	-0.228948
5167	0.177394	-5.246250	-0.255756
5176	0.184096	-5.244677	-0.255756
5185	0.191829	-5.242946	-0.255756
5193	0.199444	-5.241038	-0.255756
5202	0.204300	-5.238428	-0.255756
5214	0.207416	-5.236467	-0.282457
5221	0.211017	-5.234781	-0.282457
5230	0.215889	-5.233076	-0.282457
5239	0.220352	-5.230479	-0.282457
5248	0.221898	-5.228748	-0.282457
5258	0.225013	-5.227222	-0.282457
5266	0.228982	-5.225800	-0.305886
5275	0.231436	-5.224380	-0.305886
5284	0.233309	-5.221295	-0.305886
5293	0.233284	-5.219092	-0.305886
5298	0.233285	-5.217725	-0.305886
5339	0.244594	-5.207512	-0.329268
5347	0.249579	-5.205153	-0.329268
5357	0.255911	-5.202115	-0.329268
5365	0.259908	-5.200052	-0.348785
5374	0.264321	-5.198040	-0.348785
5385	0.269394	-5.196069	-0.348785
5393	0.275969	-5.192810	-0.348785
5401	0.279433	-5.190058	-0.348785
5410	0.283064	-5.187636	-0.348785
5419	0.289253	-5.185067	-0.367698
5428	0.300438	-5.181260	-0.367698
5438	0.307507	-5.178637	-0.367698
5446	0.315721	-5.175797	-0.367698
5456	0.325139	-5.172906	-0.367698
5464	0.336729	-5.169531	-0.382285
5474	0.351605	-5.165158	-0.382285
5482	0.361705	-5.162096	-0.382285
5495	0.371976	-5.158913	-0.382285
5555	0.460769	-5.129969	-0.396360
5564	0.470703	-5.125742	-0.405861
5572	0.479923	-5.121462	-0.405861
5578	0.484973	-5.119062	-0.405861
5587	0.492574	-5.115426	-0.405861
5604	0.508901	-5.106364	-0.405861
5611	0.514846	-5.102059	-0.405861
5618	0.520885	-5.097779	-0.414674
5629	0.527961	-5.091330	-0.414674
5636	0.532400	-5.086941	-0.414674
5645	0.535861	-5.082327	-0.414674
5656	0.538991	-5.076987	-0.414674
5663	0.543793	-5.070085	-0.418627
5672	0.545174	-5.065516	-0.418627
5681	0.547036	-5.060920	-0.418627
5690	0.548590	-5.056277	-0.418627
5700	0.551023	-5.049307	-0.418627
5712	0.552021	-5.044677	-0.421796
5718	0.553202	-5.039273	-0.421796
5726	0.554541	-5.034583	-0.421796
5734	0.558223	-5.027525	-0.421796
5745	0.560251	-5.022777	-0.421796
5753	0.562232	-5.018104	-0.421796
5762	0.564610	-5.013411	-0.423378
5771	0.566645	-5.005499	-0.423378
5780	0.567909	-5.000725	-0.423378
5789	0.566360	-4.995854	-0.423378
5798	0.562452	-4.990966	-0.423378
5807	0.557926	-4.986189	-0.423378
5817	0.552254	-4.979270	-0.425596
5834	0.543884	-4.970100	-0.425596
5843	0.540405	-4.964841	-0.425596
5852	0.539103	-4.958192	-0.425596
5861	0.538398	-4.953791	-0.427472
5870	0.538253	-4.949371	-0.427472
5879	0.538571	-4.944962	-0.427472
5887	0.541315	-4.938378	-0.427472
5899	0.543347	-4.933189	-0.427472
5907	0.545918	-4.928675	-0.427472
5915	0.548731	-4.924191	-0.429817
5924	0.552951	-4.917593	-0.429817
5936	0.554363	-4.913158	-0.431839
5943	0.556897	-4.908702	-0.431839
5951	0.559749	-4.904267	-0.431839
5962	0.563818	-4.896902	-0.434648
5970	0.566497	-4.892416	-0.434648
5979	0.570083	-4.887944	-0.434648
5987	0.575399	-4.883440	-0.434648
5998	0.580318	-4.878917	-0.434648
6005	0.587540	-4.872119	-0.434648
6015	0.592577	-4.867455	-0.436250
6024	0.598388	-4.862698	-0.436250
6032	0.605473	-4.857136	-0.436250
6044	0.612679	-4.849971	-0.436250
6051	0.616991	-4.845107	-0.436250
6060	0.620575	-4.840219	-0.436250
6069	0.622074	-4.835310	-0.438777
6078	0.622748	-4.827951	-0.438777
6086	0.622317	-4.822169	-0.438777
6092	0.622368	-4.820452	-0.438777
6101	0.622766	-4.817234	-0.438777
6114	0.622282	-4.804876	-0.440266
6123	0.621523	-4.799876	-0.440266
6132	0.620063	-4.794871	-0.440266
6140	0.617851	-4.789860	-0.440266
6160	0.609786	-4.776684	-0.445259
6168	0.607453	-4.771796	-0.451156
6179	0.604738	-4.766879	-0.451156
6187	0.601385	-4.761960	-0.451156
6195	0.596629	-4.753882	-0.451156
6203	0.594356	-4.749015	-0.451156
6213	0.593939	-4.744141	-0.453028
6222	0.594877	-4.739296	-0.453028
6232	0.596414	-4.731943	-0.453028
6240	0.599163	-4.727004	-0.453028
6249	0.603139	-4.722024	-0.453028
6262	0.607141	-4.717055	-0.456171
6268	0.614062	-4.708686	-0.456171
6276	0.618555	-4.703553	-0.456171
6286	0.623650	-4.698370	-0.456171
6311	0.644651	-4.679952	-0.456482
6332	0.656754	-4.669163	-0.456482
6341	0.664223	-4.662818	-0.456482
6348	0.672490	-4.654551	-0.456482
6357	0.676993	-4.648947	-0.456482
6367	0.679393	-4.643301	-0.456429
6383	0.678333	-4.629259	-0.456429
6395	0.677146	-4.623639	-0.456429
6402	0.673866	-4.617129	-0.456429
6411	0.670415	-4.611471	-0.456034
6421	0.663549	-4.603100	-0.456034
6429	0.656934	-4.597528	-0.456034
6438	0.649115	-4.592056	-0.456034
6448	0.640598	-4.586605	-0.456034
6456	0.625525	-4.577873	-0.456034
6467	0.616375	-4.572636	-0.455211
6475	0.608429	-4.567504	-0.455211
6484	0.600743	-4.562432	-0.455211
6492	0.588454	-4.554990	-0.455211
6498	0.581942	-4.550957	-0.455211
6511	0.572967	-4.545279	-0.455211
6519	0.564807	-4.540459	-0.454039
6529	0.556318	-4.535003	-0.454039
6537	0.545978	-4.528175	-0.454039
6547	0.539516	-4.523638	-0.454039
6556	0.533465	-4.519160	-0.454039
6565	0.528078	-4.514705	-0.449671
6573	0.519628	-4.508167	-0.449671
6582	0.514811	-4.503821	-0.449671
6595	0.509824	-4.498831	-0.446640
6601	0.507968	-4.494592	-0.446640
6610	0.507064	-4.488316	-0.446640
6619	0.507217	-4.484056	-0.443770
6627	0.508882	-4.479811	-0.443770
6637	0.511087	-4.475540	-0.443770
6645	0.514996	-4.468451	-0.443770
6655	0.517699	-4.464152	-0.443770
6664	0.521399	-4.459804	-0.440769
6673	0.525986	-4.455380	-0.440769
6682	0.533791	-4.448759	-0.440769
6691	0.539300	-4.444213	-0.440769
6704	0.545356	-4.439635	-0.440769
6711	0.551118	-4.435036	-0.440769
6718	0.557311	-4.429648	-0.437112
6727	0.564701	-4.422623	-0.437112
6735	0.569780	-4.417920	-0.437112
6745	0.574366	-4.413126	-0.437112
6754	0.577559	-4.408321	-0.437112
6762	0.581940	-4.401038	-0.433081
6774	0.584971	-4.395309	-0.433081
6781	0.586689	-4.390338	-0.433081
6790	0.587736	-4.385341	-0.433081
6800	0.589951	-4.377867	-0.433081
6812	0.589864	-4.372830	-0.424146
6818	0.588801	-4.367783	-0.424146
6826	0.588160	-4.362756	-0.424146
6834	0.584645	-4.354601	-0.424146
6846	0.581673	-4.349703	-0.424146
6853	0.578537	-4.344802	-0.424146
6862	0.576248	-4.339947	-0.419947
6872	0.572411	-4.332678	-0.419947
6880	0.569552	-4.327820	-0.419947
6888	0.566746	-4.323049	-0.419947
6898	0.563319	-4.317510	-0.419947
6907	0.560392	-4.312794	-0.419947
6916	0.557239	-4.305719	-0.415741
6925	0.554343	-4.300998	-0.415741
6934	0.550752	-4.296376	-0.415741
6943	0.547805	-4.291794	-0.415741
6951	0.544965	-4.285082	-0.415741
6962	0.543096	-4.279819	-0.411433
6970	0.542540	-4.275365	-0.411433
6979	0.542381	-4.270927	-0.411433
6989	0.542661	-4.264246	-0.411433
7044	0.541423	-4.234725	-0.404906
7051	0.541794	-4.230295	-0.404906
7060	0.542432	-4.225948	-0.404906
7070	0.544165	-4.219504	-0.397489
7079	0.545506	-4.215154	-0.397489
7087	0.546823	-4.210143	-0.397489
7097	0.549189	-4.205842	-0.397489
7105	0.555102	-4.199405	-0.397489
7115	0.559828	-4.195042	-0.389566
7123	0.564102	-4.190630	-0.389566
7133	0.569105	-4.186131	-0.389566
7145	0.579082	-4.179381	-0.382565
7152	0.585469	-4.173970	-0.382565
7160	0.590470	-4.169296	-0.382565
7169	0.595764	-4.164538	-0.376032
7177	0.602983	-4.157431	-0.376032
7186	0.607555	-4.152553	-0.376032
7196	0.611280	-4.147764	-0.376032
7205	0.615221	-4.142990	-0.376032
7214	0.622016	-4.134934	-0.369784
7223	0.626158	-4.130018	-0.369784
7232	0.629748	-4.125051	-0.369784
7241	0.632560	-4.120069	-0.369784
7255	0.639812	-4.106554	-0.360975
7268	0.641181	-4.101339	-0.352673
7277	0.640635	-4.096120	-0.352673
7286	0.638661	-4.090873	-0.352673
7294	0.635895	-4.083144	-0.352673
7300	0.633516	-4.078340	-0.352673
7313	0.628692	-4.072565	-0.344219
7322	0.623377	-4.067284	-0.344219
7331	0.613082	-4.058847	-0.344219
7340	0.606658	-4.053817	-0.344219
7349	0.598786	-4.048920	-0.344219
7363	0.590592	-4.044032	-0.327191
7376	0.566484	-4.032043	-0.327191
7385	0.554866	-4.027365	-0.327191
7394	0.540714	-4.021961	-0.327191
7402	0.522507	-4.015293	-0.327191
7413	0.510352	-4.010891	-0.319388
7422	0.498214	-4.006574	-0.319388
7430	0.484925	-4.002371	-0.319388
7440	0.472504	-3.998243	-0.319388
7447	0.451062	-3.991806	-0.319388
7457	0.439556	-3.987985	-0.319388
7466	0.430173	-3.984322	-0.311809
7477	0.421585	-3.980754	-0.305322
7485	0.411447	-3.975547	-0.305322
7493	0.405584	-3.972073	-0.305322
7503	0.400400	-3.968561	-0.305322
7511	0.396719	-3.965096	-0.305322
7520	0.391739	-3.959464	-0.298355
7530	0.389321	-3.956059	-0.298355
7539	0.387414	-3.952637	-0.298355
7548	0.384769	-3.949160	-0.298355
7556	0.381129	-3.944229	-0.298355
7566	0.380708	-3.940715	-0.291250
7574	0.381120	-3.937174	-0.291250
7585	0.382537	-3.933216	-0.285966
7593	0.385722	-3.928384	-0.285966
7601	0.389645	-3.925159	-0.285966
7611	0.394614	-3.921801	-0.285966
7619	0.399809	-3.918403	-0.280283
7629	0.404083	-3.914933	-0.280283
7637	0.410987	-3.909772	-0.280283
7647	0.417117	-3.905536	-0.280283
7655	0.421993	-3.901898	-0.280283
7665	0.426541	-3.898091	-0.274444
7674	0.434001	-3.892460	-0.274444
7682	0.437867	-3.888632	-0.274444
7696	0.441633	-3.884829	-0.274444
7703	0.445839	-3.881046	-0.274444
7711	0.451072	-3.874830	-0.274444
7719	0.453441	-3.871044	-0.268934
7728	0.455132	-3.867233	-0.268934
7737	0.454598	-3.863441	-0.268934
7745	0.450451	-3.857878	-0.268934
7755	0.446341	-3.854150	-0.268934
7764	0.438926	-3.849829	-0.262292
7773	0.430758	-3.846095	-0.262292
7783	0.421216	-3.842504	-0.262292
7790	0.407825	-3.837346	-0.262292
7796	0.400054	-3.834232	-0.255590
7810	0.390971	-3.830585	-0.255590
7818	0.381471	-3.827320	-0.249602
7827	0.367992	-3.822726	-0.249602
7836	0.359438	-3.819285	-0.249602
7844	0.352891	-3.816519	-0.249602
7853	0.348729	-3.813755	-0.249602
7863	0.341455	-3.809725	-0.241278
7872	0.335815	-3.807087	-0.241278
7881	0.330266	-3.804466	-0.241278
7890	0.324834	-3.801899	-0.241278
7900	0.316709	-3.797763	-0.241278
7917	0.312987	-3.792725	-0.232636
7926	0.314328	-3.790258	-0.232636
7935	0.316326	-3.786567	-0.232636
7944	0.317361	-3.784110	-0.232636
7954	0.320568	-3.781580	-0.232636
7962	0.326036	-3.778634	-0.223936
7971	0.331235	-3.776141	-0.223936
7981	0.338077	-3.772423	-0.223936
7989	0.345580	-3.769887	-0.223936
7999	0.354188	-3.767254	-0.223936
8007	0.361412	-3.764518	-0.223936
8017	0.372237	-3.759748	-0.214864
8030	0.380223	-3.756692	-0.206137
8037	0.389362	-3.753616	-0.206137
8043	0.396978	-3.750467	-0.206137
8052	0.406078	-3.745698	-0.206137
8063	0.412451	-3.742319	-0.197684
8071	0.418484	-3.738849	-0.197684
8079	0.422229	-3.735357	-0.197684
8088	0.424317	-3.729731	-0.197684
8099	0.423402	-3.726333	-0.197684
8106	0.422277	-3.723025	-0.197684
8116	0.420908	-3.719671	-0.189256
8126	0.418189	-3.714672	-0.189256
8135	0.415622	-3.711324	-0.181819
8142	0.412868	-3.707364	-0.181819
8148	0.411337	-3.704684	-0.181819
8160	0.409018	-3.700599	-0.181819
8166	0.407166	-3.698566	-0.174751
8180	0.398798	-3.692192	-0.174751
8187	0.393246	-3.688811	-0.174751
8193	0.391672	-3.687672	-0.174751
8202	0.386185	-3.685529	-0.174751
8214	0.360825	-3.677380	-0.166847
8220	0.350648	-3.674419	-0.166847
8233	0.340683	-3.671509	-0.166847
8245	0.325803	-3.667429	-0.158708
8251	0.317142	-3.664815	-0.158708
8260	0.308428	-3.662271	-0.158708
8269	0.298591	-3.659299	-0.151323
8277	0.287153	-3.655660	-0.151323
8288	0.278959	-3.653190	-0.151323
8296	0.270648	-3.650882	-0.151323
8304	0.262236	-3.648526	-0.151323
8313	0.254828	-3.646259	-0.144075
8323	0.245872	-3.643071	-0.144075
8332	0.240095	-3.640695	-0.144075
8342	0.236709	-3.638660	-0.144075
8354	0.233993	-3.636690	-0.144075
8361	0.231014	-3.633910	-0.144075
8368	0.230538	-3.632042	-0.136931
8377	0.230158	-3.630151	-0.136931
8386	0.229843	-3.627932	-0.136931
8396	0.230229	-3.625042	-0.136931
8404	0.231312	-3.623034	-0.136931
8413	0.231502	-3.621018	-0.128957
8422	0.231825	-3.619029	-0.128957
8431	0.232084	-3.616103	-0.128957
8441	0.232866	-3.614089	-0.128957
8450	0.233582	-3.612140	-0.128957
8462	0.234328	-3.609898	-0.113054
8468	0.236119	-3.607039	-0.113054
8476	0.236950	-3.605151	-0.113054
8485	0.238351	-3.603278	-0.113054
8496	0.241227	-3.601395	-0.113054
8504	0.243305	-3.599509	-0.113054
8512	0.245605	-3.596454	-0.104911
8521	0.246817	-3.594050	-0.104911
8530	0.247296	-3.591909	-0.104911
8539	0.246968	-3.589609	-0.104911
8547	0.244202	-3.586480	-0.104911
8558	0.242838	-3.584374	-0.104911
8566	0.241639	-3.582336	-0.096407
8576	0.238831	-3.579967	-0.088948
8584	0.234020	-3.577046	-0.088948
8593	0.231284	-3.575209	-0.088948
8599	0.229012	-3.573903	-0.088948
8608	0.223580	-3.571538	-0.088948
8620	0.213985	-3.568831	-0.082016
8629	0.207494	-3.567075	-0.082016
8639	0.201371	-3.565341	-0.082016
8647	0.192391	-3.563314	-0.082016
8656	0.184042	-3.561670	-0.082016
8666	0.171761	-3.559288	-0.074517
8674	0.165240	-3.557809	-0.074517
8686	0.158404	-3.556386	-0.068627
8693	0.151991	-3.555041	-0.068627
8702	0.142728	-3.553230	-0.068627
8710	0.136179	-3.551847	-0.068627
8720	0.130567	-3.550778	-0.063279
8728	0.124452	-3.549769	-0.063279
8783	0.091457	-3.543207	-0.058080
8795	0.088697	-3.542271	-0.058080
8801	0.084865	-3.541301	-0.058080
8809	0.080893	-3.540115	-0.058080
8819	0.079867	-3.539364	-0.053280
8828	0.079685	-3.538454	-0.053280
8836	0.078711	-3.537769	-0.053280
8847	0.076903	-3.537116	-0.053280
8856	0.076127	-3.536151	-0.053280
8864	0.076692	-3.535490	-0.047615
8874	0.077076	-3.534788	-0.047615
8883	0.077189	-3.534106	-0.047615
8890	0.080982	-3.532924	-0.047615
8909	0.083813	-3.531388	-0.043327
8918	0.083581	-3.530575	-0.039798
8926	0.083516	-3.529528	-0.039798
8938	0.083826	-3.528710	-0.039798
9007	0.082340	-3.522364	-0.035433
9017	0.085544	-3.521531	-0.027675
9026	0.086561	-3.520792	-0.027675
9035	0.087341	-3.519930	-0.027675
9045	0.088384	-3.518687	-0.027675
9053	0.089792	-3.517726	-0.027675
9062	0.091189	-3.516786	-0.027675
9071	0.092806	-3.515885	-0.022799
9079	0.096291	-3.514664	-0.022799
9089	0.099248	-3.513653	-0.022799
9099	0.101036	-3.512843	-0.022799
9107	0.102600	-3.512051	-0.022799
9116	0.105262	-3.510816	-0.017562
9125	0.108154	-3.509974	-0.017562
9134	0.110339	-3.509053	-0.017562
9143	0.112338	-3.508144	-0.017562
9153	0.116250	-3.506680	-0.017562
9162	0.119197	-3.505547	-0.017562
9170	0.121869	-3.504549	-0.012428
9179	0.124726	-3.503530	-0.012428
9187	0.128910	-3.501954	-0.012428
9199	0.131825	-3.500833	-0.012428
9207	0.133974	-3.499724	-0.012428
9215	0.135534	-3.498589	-0.007279
9224	0.136243	-3.496963	-0.007279
9236	0.137338	-3.495866	-0.002923
9242	0.139554	-3.494605	-0.002923
9251	0.142627	-3.493524	-0.002923
9262	0.145232	-3.491745	-0.002923
9270	0.146180	-3.490475	0.002344
9278	0.147020	-3.489202	0.002344
9288	0.147963	-3.487830	0.002344
9296	0.148971	-3.485888	0.002344
9306	0.149369	-3.484533	0.002344
9315	0.149087	-3.483067	0.008221
9324	0.147785	-3.481783	0.008221
9333	0.144024	-3.479911	0.008221
9346	0.142025	-3.478693	0.013672
9352	0.139919	-3.477544	0.013672
9359	0.138601	-3.476481	0.013672
9369	0.135852	-3.474930	0.018735
9377	0.133821	-3.473940	0.018735
9389	0.131952	-3.472744	0.018735
9396	0.129162	-3.471692	0.018735
9405	0.123325	-3.470129	0.018735
9418	0.119785	-3.469082	0.024493
9424	0.115818	-3.468103	0.024493
9432	0.111495	-3.467181	0.024493
9441	0.107558	-3.466210	0.024493
9454	0.100089	-3.464643	0.029953
9460	0.095548	-3.463795	0.029953
9468	0.090894	-3.463044	0.034712
9478	0.085900	-3.462344	0.034712
9486	0.077711	-3.461373	0.034712
9495	0.073017	-3.460776	0.034712
9504	0.066948	-3.460088	0.034712
9512	0.060362	-3.459466	0.039381
9521	0.048968	-3.458675	0.039381
