TIMESTAMPms	M1ATTITUDEyawspeed	M1ATTITUDEyaw	Rud
0	0.117074	-2.723055	0.017507
8	0.118674	-2.721227	0.017507
18	0.119022	-2.720158	0.017507
27	0.119538	-2.719086	0.017507
36	0.119685	-2.718058	0.017507
45	0.121552	-2.716482	0.017057
54	0.123334	-2.715451	0.017057
64	0.124568	-2.714417	0.017057
72	0.125672	-2.713219	0.017057
82	0.128611	-2.711719	0.017057
90	0.130029	-2.710774	0.017057
100	0.130855	-2.709792	0.016645
108	0.131926	-2.708875	0.016645
117	0.132849	-2.707952	0.016645
126	0.134774	-2.706580	0.016645
135	0.136076	-2.705503	0.016645
144	0.136215	-2.704625	0.015951
154	0.135812	-2.703789	0.015951
162	0.135561	-2.702509	0.015951
174	0.135533	-2.701720	0.015951
180	0.134370	-2.700928	0.015951
189	0.132995	-2.700139	0.015951
197	0.131269	-2.698811	0.015225
209	0.130156	-2.698073	0.015225
216	0.129100	-2.697320	0.015225
225	0.129084	-2.696598	0.015225
234	0.130180	-2.695431	0.015225
244	0.131608	-2.694666	0.014578
252	0.132749	-2.693867	0.014578
263	0.133992	-2.692919	0.014578
270	0.135557	-2.692095	0.014578
284	0.138227	-2.690773	0.014578
290	0.140079	-2.689902	0.014578
297	0.141557	-2.689020	0.013974
306	0.142624	-2.688115	0.013974
317	0.142035	-2.686692	0.013974
324	0.140077	-2.685583	0.013974
333	0.137649	-2.684687	0.013974
343	0.135420	-2.683804	0.013457
351	0.131532	-2.682436	0.013457
357	0.130132	-2.681947	0.013457
366	0.128519	-2.681576	0.013457
379	0.120341	-2.679885	0.013457
391	0.111445	-2.678540	0.012481
398	0.106020	-2.677826	0.011796
405	0.099810	-2.677153	0.011796
414	0.093905	-2.676581	0.011796
424	0.085887	-2.675744	0.011796
433	0.079903	-2.675307	0.011796
442	0.073870	-2.674888	0.011796
451	0.067833	-2.674457	0.011154
459	0.063380	-2.674127	0.011154
469	0.057403	-2.673679	0.011154
478	0.054904	-2.673427	0.011154
486	0.051730	-2.673230	0.011154
496	0.049076	-2.673084	0.010577
513	0.045671	-2.672529	0.010577
523	0.045432	-2.672230	0.010577
533	0.045315	-2.671928	0.010577
540	0.047821	-2.671637	0.010577
545	0.048831	-2.671515	0.010598
552	0.049791	-2.671449	0.010598
559	0.052474	-2.671352	0.010598
568	0.054467	-2.671285	0.010598
577	0.058328	-2.670916	0.010598
586	0.060737	-2.670620	0.010598
595	0.063687	-2.670314	0.010649
603	0.066494	-2.669973	0.010649
613	0.067689	-2.669297	0.011437
622	0.069404	-2.668870	0.011437
630	0.070667	-2.668294	0.011437
640	0.070779	-2.667699	0.011437
649	0.070316	-2.667037	0.012237
657	0.070894	-2.666003	0.012237
667	0.069688	-2.665419	0.012237
676	0.068246	-2.664921	0.012237
685	0.066387	-2.664332	0.012237
694	0.062856	-2.663214	0.012969
703	0.059564	-2.662562	0.012969
712	0.056140	-2.661975	0.012969
723	0.052768	-2.661380	0.012969
729	0.047451	-2.660492	0.012969
748	0.040021	-2.659465	0.014172
757	0.035731	-2.658881	0.014172
767	0.032742	-2.658208	0.014172
775	0.031707	-2.657800	0.014172
784	0.032099	-2.657400	0.014172
794	0.033538	-2.657026	0.015343
803	0.035019	-2.656659	0.015343
810	0.038712	-2.656037	0.015343
820	0.043597	-2.655589	0.015343
833	0.048687	-2.655185	0.016597
839	0.052989	-2.654805	0.016597
847	0.058476	-2.654136	0.017834
857	0.063297	-2.653735	0.017834
865	0.069115	-2.653296	0.017834
875	0.074203	-2.652865	0.017834
883	0.081657	-2.652053	0.017834
892	0.085477	-2.651582	0.017834
902	0.088524	-2.651135	0.018433
910	0.091098	-2.650675	0.018433
919	0.093016	-2.649961	0.018433
928	0.093104	-2.649524	0.018433
942	0.093398	-2.649127	0.018433
949	0.093115	-2.648657	0.018991
955	0.090821	-2.648045	0.018991
965	0.089911	-2.647709	0.018991
974	0.089236	-2.647373	0.018991
983	0.088104	-2.647012	0.018991
992	0.087937	-2.646667	0.018991
1000	0.088380	-2.646129	0.019527
1009	0.089143	-2.645708	0.019527
1019	0.090640	-2.645327	0.019527
1028	0.092586	-2.644866	0.019527
1037	0.094704	-2.644051	0.019527
1046	0.095696	-2.643481	0.019310
1056	0.098095	-2.642895	0.019310
1063	0.100748	-2.642264	0.019310
1072	0.103460	-2.641061	0.019310
1084	0.104749	-2.640328	0.019310
1091	0.105305	-2.639559	0.019310
1100	0.105858	-2.638741	0.019061
1110	0.105492	-2.637417	0.019061
1118	0.104497	-2.636521	0.019061
1127	0.103933	-2.635624	0.019061
1136	0.103417	-2.634522	0.019061
1146	0.101356	-2.633067	0.018852
1155	0.099465	-2.632114	0.018852
1163	0.098567	-2.631139	0.018852
1172	0.097823	-2.630157	0.018852
1182	0.096321	-2.629184	0.018852
1190	0.093862	-2.627527	0.018852
1200	0.093391	-2.626588	0.018600
1209	0.092797	-2.625659	0.018600
1217	0.092181	-2.624736	0.018600
1225	0.091565	-2.623322	0.018600
1231	0.091159	-2.622586	0.018600
1245	0.090730	-2.621579	0.018386
1254	0.091215	-2.620605	0.018386
1262	0.092389	-2.619355	0.018386
1274	0.093756	-2.618604	0.018386
1281	0.096313	-2.617854	0.018386
1289	0.098228	-2.617122	0.018386
1299	0.100620	-2.616056	0.017939
1307	0.102404	-2.615398	0.017939
1316	0.104023	-2.614681	0.017939
1325	0.106099	-2.614102	0.017939
1334	0.108963	-2.613573	0.017939
1342	0.111432	-2.612724	0.017503
1352	0.112921	-2.612224	0.017503
1361	0.114387	-2.611787	0.017503
1370	0.115324	-2.611340	0.017503
1388	0.114454	-2.610281	0.017286
1397	0.113509	-2.609942	0.017113
1406	0.112185	-2.609618	0.017113
1415	0.108657	-2.609164	0.017113
1425	0.105154	-2.608947	0.017113
1434	0.100913	-2.608716	0.017113
1443	0.096277	-2.608507	0.017113
1451	0.091120	-2.608206	0.016928
1461	0.087277	-2.608100	0.016928
1470	0.084252	-2.607961	0.016928
1479	0.080427	-2.607856	0.016928
1491	0.073687	-2.607610	0.016928
1497	0.068928	-2.607530	0.016689
1506	0.063183	-2.607385	0.016689
1514	0.058971	-2.607278	0.016689
1524	0.053713	-2.607200	0.016689
1532	0.046101	-2.606995	0.016689
1545	0.040669	-2.606928	0.016454
1551	0.035046	-2.606869	0.016454
1559	0.029939	-2.606781	0.016454
1565	0.026882	-2.606691	0.016454
1579	0.015246	-2.606570	0.016454
1587	0.009466	-2.606519	0.016454
1596	0.004462	-2.606518	0.016158
1613	-0.005387	-2.606448	0.016158
1623	-0.009439	-2.606442	0.016158
1632	-0.013085	-2.606469	0.016158
1640	-0.014884	-2.606436	0.016158
1650	-0.015620	-2.606474	0.015879
1671	-0.015474	-2.606498	0.312962
1677	-0.014717	-2.606528	0.312962
1685	-0.011014	-2.606506	0.312962
1695	-0.007459	-2.606532	0.312849
1705	-0.003349	-2.606338	0.312849
1717	0.002294	-2.606159	0.312969
1723	0.011003	-2.606025	0.312969
1732	0.015895	-2.605915	0.312969
1740	0.019045	-2.605877	0.312969
1749	0.020632	-2.605834	0.313073
1759	0.012810	-2.605800	0.313073
1767	0.005013	-2.605936	0.313073
1776	-0.008560	-2.606135	0.313073
1785	-0.026811	-2.606516	0.313073
1794	-0.044115	-2.607250	0.313093
1802	-0.047526	-2.607899	0.313093
1814	-0.050952	-2.608625	0.313093
1824	-0.054377	-2.609479	0.313117
1830	-0.055957	-2.610650	0.313117
1839	-0.058066	-2.611479	0.313117
1848	-0.064325	-2.612404	0.313146
1857	-0.074677	-2.613356	0.313146
1866	-0.083825	-2.614394	0.313146
1875	-0.093719	-2.616217	0.313146
1884	-0.101730	-2.617418	0.313146
1893	-0.109958	-2.618714	0.313146
1902	-0.116904	-2.620075	0.313173
1910	-0.127822	-2.622119	0.313173
1923	-0.135732	-2.623586	0.313173
1934	-0.145255	-2.625116	0.313241
1947	-0.168844	-2.629326	0.313321
1956	-0.176558	-2.631027	0.313321
1965	-0.183881	-2.632732	0.313321
1974	-0.189574	-2.634496	0.313321
1984	-0.193650	-2.637107	0.313321
1993	-0.195159	-2.638803	0.313321
2001	-0.197285	-2.640780	0.313388
2010	-0.199709	-2.642443	0.313388
2020	-0.200523	-2.644109	0.313388
2027	-0.199965	-2.646483	0.313388
2041	-0.200096	-2.648029	0.313750
2048	-0.200834	-2.649580	0.313922
2055	-0.200761	-2.651086	0.313922
2065	-0.200243	-2.653432	0.313922
2086	-0.202193	-2.656829	0.313922
2092	-0.201792	-2.657730	0.313922
2104	-0.200411	-2.659026	0.314066
2129	-0.200122	-2.663247	0.314066
2140	-0.201138	-2.664404	0.314066
2155	-0.202951	-2.667276	0.314182
2164	-0.203875	-2.668611	0.314182
2173	-0.204493	-2.669783	0.314182
2181	-0.205120	-2.671505	0.314182
2193	-0.205986	-2.672710	0.314182
2200	-0.206331	-2.673934	0.314244
2209	-0.207040	-2.675174	0.314244
2217	-0.207378	-2.677072	0.314244
2223	-0.207168	-2.678179	0.314244
2235	-0.205656	-2.679798	0.314244
2245	-0.202530	-2.681437	0.314252
2254	-0.195292	-2.683570	0.314252
2264	-0.191677	-2.685009	0.314759
2271	-0.187809	-2.686490	0.314759
2277	-0.183414	-2.687930	0.314759
2289	-0.174939	-2.690381	0.314759
2295	-0.172309	-2.691096	0.315201
2301	-0.169024	-2.692040	0.315201
2308	-0.163717	-2.693718	0.315201
2317	-0.158644	-2.695669	0.315201
2326	-0.151478	-2.698216	0.315201
2335	-0.148401	-2.700020	0.315201
2344	-0.148564	-2.701858	0.315580
2353	-0.149237	-2.703806	0.315580
2362	-0.150190	-2.706680	0.315580
2375	-0.152552	-2.708702	0.316137
2381	-0.156184	-2.711080	0.316137
2389	-0.161575	-2.713178	0.316137
2394	-0.167016	-2.715400	0.316392
2407	-0.175010	-2.718811	0.316392
2416	-0.181258	-2.721162	0.316392
2426	-0.187194	-2.723578	0.316392
2434	-0.193406	-2.725980	0.316392
2442	-0.201572	-2.729990	0.316392
2449	-0.205390	-2.732170	0.316573
2462	-0.209412	-2.734965	0.316573
2470	-0.213435	-2.737405	0.316573
2497	-0.226705	-2.746367	0.317398
2506	-0.229703	-2.748665	0.317398
2591	-0.230565	-2.769022	0.318155
2598	-0.230493	-2.770689	0.318043
2605	-0.230702	-2.773010	0.318043
2615	-0.231741	-2.774548	0.318043
2623	-0.233010	-2.776280	0.318043
2633	-0.234571	-2.777729	0.318043
2641	-0.236774	-2.779854	0.318043
2652	-0.238874	-2.781267	0.317887
2660	-0.240759	-2.782687	0.317887
2668	-0.241366	-2.784065	0.317887
2677	-0.242764	-2.786155	0.317887
2691	-0.242084	-2.788496	0.317887
2701	-0.240135	-2.790887	0.317705
2713	-0.238204	-2.792307	0.317705
2723	-0.234896	-2.793729	0.317705
2731	-0.230717	-2.795845	0.317705
2740	-0.228528	-2.797266	0.317705
2750	-0.225151	-2.798944	0.317297
2762	-0.222078	-2.800363	0.317297
2770	-0.216108	-2.802562	0.317297
2777	-0.212548	-2.804013	0.317297
2786	-0.210128	-2.805480	0.317297
2795	-0.207137	-2.807008	0.316816
2804	-0.201311	-2.809280	0.316816
2816	-0.198669	-2.811095	0.316816
2822	-0.197293	-2.812678	0.316816
2831	-0.196520	-2.814259	0.316816
2836	-0.195909	-2.814759	0.316816
2845	-0.194853	-2.815916	0.316346
2904	-0.203728	-2.830967	0.315592
2912	-0.206859	-2.833010	0.315592
2925	-0.209987	-2.836190	0.315054
2932	-0.212266	-2.838357	0.315054
2939	-0.214135	-2.840877	0.315054
2948	-0.216687	-2.843046	0.314570
2957	-0.219163	-2.846360	0.314570
2967	-0.219218	-2.848601	0.314570
2976	-0.218658	-2.850796	0.314570
2984	-0.217891	-2.853008	0.314570
2993	-0.216083	-2.855185	0.314109
3001	-0.210691	-2.858719	0.314109
3011	-0.207069	-2.860772	0.314109
3021	-0.201876	-2.862741	0.314109
3034	-0.196788	-2.864618	0.314109
3040	-0.189895	-2.867388	0.314109
3048	-0.185843	-2.869138	0.313581
3057	-0.182198	-2.870860	0.313581
3065	-0.178192	-2.872789	0.313581
3073	-0.172684	-2.875180	0.313581
3085	-0.169154	-2.876704	0.313581
3092	-0.167427	-2.878178	0.313581
3112	-0.166773	-2.881754	0.313052
3120	-0.165824	-2.883132	0.313052
3128	-0.165636	-2.884481	0.313052
3160	-0.170695	-2.889189	0.312520
3176	-0.179317	-2.892255	0.312520
3185	-0.184634	-2.893741	0.312520
3192	-0.190294	-2.895009	0.312520
3201	-0.197004	-2.896437	0.311974
3210	-0.207809	-2.898775	0.311974
3219	-0.214445	-2.900432	0.311974
3228	-0.221598	-2.902107	0.311974
3237	-0.228482	-2.903800	0.311974
3251	-0.239233	-2.906842	0.311636
3264	-0.249609	-2.910672	0.311636
3273	-0.253989	-2.912521	0.311636
3282	-0.260000	-2.915553	0.311636
3291	-0.264347	-2.917543	0.311636
3301	-0.268051	-2.919579	0.311895
3309	-0.270631	-2.922039	0.311895
3318	-0.271681	-2.924260	0.311895
3323	-0.272817	-2.925942	0.311895
3336	-0.276232	-2.929792	0.311895
3345	-0.277838	-2.932109	0.311838
3355	-0.277888	-2.934433	0.311838
3365	-0.275469	-2.937881	0.311677
3372	-0.273365	-2.940514	0.311677
3381	-0.271234	-2.942738	0.311677
3390	-0.269298	-2.944939	0.311677
3400	-0.263942	-2.948294	0.311548
3408	-0.261461	-2.950409	0.311548
3418	-0.257966	-2.952498	0.311548
3426	-0.253193	-2.954558	0.311548
3435	-0.246972	-2.957909	0.311548
3445	-0.244372	-2.959816	0.311400
3454	-0.241264	-2.961710	0.311400
3462	-0.236849	-2.963546	0.311400
3475	-0.231555	-2.966244	0.311601
3481	-0.229466	-2.967989	0.311601
3489	-0.227433	-2.969694	0.311601
3512	-0.222461	-2.973278	0.311862
3590	-0.226369	-2.989548	0.312475
3598	-0.228113	-2.991391	0.312098
3607	-0.230567	-2.993843	0.312098
3615	-0.230873	-2.995464	0.312098
3625	-0.231078	-2.997092	0.312098
3633	-0.231014	-2.998742	0.312098
3643	-0.228978	-3.001252	0.312098
3652	-0.226351	-3.002905	0.311707
3661	-0.224279	-3.004569	0.311707
3669	-0.221413	-3.006520	0.311707
3681	-0.216529	-3.009021	0.311707
3692	-0.213126	-3.010653	0.311548
3698	-0.210565	-3.012277	0.311511
3706	-0.208271	-3.013924	0.311511
3715	-0.202638	-3.016404	0.311511
3723	-0.198589	-3.018015	0.311511
3729	-0.196368	-3.019165	0.311511
3742	-0.193015	-3.021222	0.311511
3753	-0.188033	-3.023070	0.311430
3760	-0.180979	-3.025418	0.311430
3769	-0.177549	-3.026937	0.311430
3774	-0.174823	-3.028441	0.311430
3795	-0.163016	-3.032096	0.311332
3805	-0.157806	-3.033713	0.311044
3815	-0.154221	-3.035034	0.311044
3823	-0.150692	-3.036347	0.311044
3831	-0.143899	-3.038286	0.311044
3841	-0.139154	-3.039463	0.311044
3850	-0.134676	-3.040617	0.310707
3859	-0.130672	-3.041717	0.310707
4141	-0.199949	-3.076536	0.308111
4288	-0.278038	-6.260699	0.305594
4436	-0.288104	-3.148392	0.304341
4643	-0.211788	-3.194426	0.300732
4649	-0.211689	-3.195143	0.299502
4655	-0.211957	-3.195823	0.299502
4662	-0.211318	-3.197229	0.299502
4670	-0.209386	-3.198756	0.299502
4683	-0.206852	-3.201343	0.299502
4690	-0.205683	-3.202759	0.299502
4697	-0.203048	-3.204212	0.298248
4707	-0.198864	-3.205604	0.298248
4716	-0.194213	-3.207737	0.298248
4724	-0.193460	-3.209125	0.298248
4730	-0.193314	-3.209644	0.298248
4739	-0.190677	-3.210491	0.298248
4752	-0.180776	-3.213296	0.296989
4761	-0.175531	-3.215251	0.296989
4770	-0.171494	-3.216418	0.296989
4779	-0.166033	-3.217595	0.296989
4792	-0.160116	-3.218745	0.295606
4798	-0.154199	-3.220395	0.294355
4806	-0.150774	-3.221646	0.294355
4815	-0.151304	-3.222623	0.294355
4824	-0.151034	-3.223661	0.294355
4833	-0.143340	-3.225215	0.294355
4852	-0.137264	-3.227124	0.293164
4860	-0.134815	-3.227970	0.293164
4869	-0.128298	-3.229552	0.293164
4878	-0.129110	-3.230354	0.293164
4888	-0.132152	-3.231175	0.293164
4896	-0.133150	-3.232093	0.291934
4914	-0.129755	-3.234393	0.291934
4923	-0.132891	-3.235235	0.291934
4932	-0.136901	-3.236279	0.291934
4941	-0.137247	-3.237774	0.291934
4950	-0.139899	-3.238681	0.290699
4959	-0.145773	-3.239675	0.290699
4968	-0.151054	-3.240732	0.290699
4978	-0.154611	-3.241788	0.290699
4986	-0.159661	-3.243765	0.290699
4995	-0.166487	-3.244895	0.290699
5004	-0.174563	-3.246076	0.289531
5014	-0.179442	-3.247368	0.287995
5021	-0.186656	-3.249428	0.287995
5027	-0.192309	-3.250728	0.287995
5040	-0.201036	-3.252196	0.287995
5050	-0.206702	-3.253646	0.286498
5058	-0.213551	-3.256257	0.286498
5068	-0.218627	-3.257837	0.286498
5076	-0.225798	-3.259475	0.286498
5086	-0.231717	-3.261118	0.286498
5095	-0.237733	-3.263722	0.286498
5103	-0.242101	-3.265503	0.285034
5112	-0.247672	-3.267271	0.285034
5124	-0.252929	-3.269459	0.285034
5131	-0.254892	-3.271347	0.285034
5140	-0.256674	-3.274215	0.285034
5149	-0.258041	-3.276126	0.283581
5158	-0.259365	-3.277997	0.283581
5167	-0.258923	-3.279864	0.283581
5175	-0.255616	-3.282784	0.283581
5185	-0.254487	-3.285009	0.283581
5194	-0.253594	-3.286839	0.283581
5202	-0.250137	-3.288693	0.282274
5212	-0.242950	-3.291427	0.282274
5221	-0.241270	-3.293185	0.282274
5235	-0.241595	-3.296694	0.281159
5248	-0.233347	-3.299680	0.280122
5257	-0.231649	-3.301314	0.280122
5265	-0.232414	-3.302980	0.280122
5275	-0.229903	-3.304605	0.280122
5284	-0.225648	-3.307184	0.280122
5293	-0.227730	-3.308798	0.280122
5301	-0.232357	-3.310813	0.279090
5310	-0.232633	-3.312518	0.279090
5321	-0.230271	-3.314178	0.279090
5329	-0.232056	-3.316826	0.279090
5343	-0.234604	-3.318497	0.277737
5349	-0.233744	-3.320164	0.276498
5356	-0.231119	-3.321899	0.276498
5364	-0.235047	-3.324895	0.276498
5376	-0.240934	-3.326591	0.276498
5383	-0.244099	-3.328389	0.276498
5392	-0.244135	-3.330144	0.276498
5401	-0.245610	-3.332875	0.275596
5410	-0.251967	-3.334677	0.275596
5422	-0.256900	-3.336538	0.275596
5428	-0.258209	-3.338357	0.275596
5437	-0.259346	-3.341662	0.275596
5455	-0.263602	-3.345498	0.273873
5464	-0.257212	-3.347385	0.273873
5473	-0.252756	-3.349286	0.273873
5478	-0.253302	-3.350925	0.273873
5491	-0.256413	-3.354390	0.273873
5496	-0.254663	-3.355331	0.273111
5510	-0.250151	-3.357992	0.273111
5517	-0.253567	-3.360848	0.273111
5523	-0.254795	-3.362425	0.273111
5537	-0.248986	-3.364375	0.273111
5545	-0.242853	-3.366088	0.273111
5555	-0.245644	-3.368984	0.272353
5565	-0.246838	-3.370663	0.271378
5573	-0.244035	-3.372299	0.271378
5581	-0.240158	-3.373938	0.271378
5590	-0.244235	-3.376521	0.271378
5599	-0.247816	-3.378143	0.270347
5609	-0.247178	-3.379843	0.270347
5618	-0.243646	-3.381782	0.270347
5627	-0.246655	-3.384352	0.270347
5636	-0.250719	-3.386027	0.270347
5644	-0.248206	-3.387743	0.270347
5653	-0.241024	-3.389408	0.269313
5663	-0.233863	-3.390981	0.269313
5675	-0.231637	-3.393395	0.268655
5681	-0.228825	-3.395184	0.268655
5690	-0.221798	-3.396676	0.268655
5699	-0.215571	-3.398075	0.267951
5707	-0.212987	-3.400280	0.267951
5717	-0.210868	-3.401684	0.267951
5726	-0.206157	-3.403024	0.267951
5734	-0.201958	-3.404383	0.267951
5743	-0.199916	-3.406681	0.267951
5752	-0.197133	-3.407986	0.267235
5761	-0.188470	-3.409297	0.267235
5770	-0.178553	-3.410548	0.267235
5784	-0.172492	-3.412372	0.267235
5790	-0.171158	-3.413506	0.267235
5798	-0.166645	-3.414702	0.266515
5807	-0.160459	-3.416029	0.266515
5815	-0.158751	-3.417172	0.266515
5825	-0.159808	-3.418981	0.266515
5834	-0.158482	-3.420119	0.266515
5843	-0.154640	-3.421247	0.266515
5851	-0.151925	-3.422406	0.265574
5857	-0.151731	-3.422998	0.265574
5866	-0.151413	-3.424139	0.265574
5879	-0.145959	-3.426622	0.265574
5892	-0.144330	-3.427693	0.264610
5906	-0.148426	-3.430602	0.264610
5915	-0.149538	-3.431740	0.264610
5924	-0.150150	-3.432936	0.264610
5932	-0.155572	-3.435079	0.264610
5943	-0.159372	-3.436303	0.264610
5950	-0.161338	-3.437596	0.263619
5960	-0.163587	-3.438877	0.263619
5969	-0.172168	-3.440987	0.263619
5979	-0.179580	-3.442345	0.263619
5987	-0.184975	-3.443808	0.263619
5995	-0.190660	-3.445587	0.263619
6005	-0.197945	-3.447054	0.261108
6013	-0.212181	-3.449548	0.261108
6025	-0.220962	-3.451178	0.261108
6032	-0.228118	-3.452915	0.261108
6041	-0.236675	-3.454655	0.261108
6049	-0.253248	-3.457888	0.259744
6058	-0.262412	-3.459824	0.259744
6068	-0.269788	-3.461763	0.259744
6077	-0.278119	-3.463821	0.259744
6087	-0.291726	-3.467018	0.259744
6095	-0.299532	-3.469154	0.259744
6104	-0.305557	-3.471390	0.258346
6113	-0.310608	-3.474071	0.258346
6122	-0.316629	-3.477573	0.258346
6133	-0.320262	-3.479838	0.258346
6141	-0.322244	-3.482109	0.258346
6149	-0.322697	-3.484445	0.256873
6159	-0.323825	-3.487931	0.256873
6166	-0.324323	-3.490238	0.256873
6176	-0.321898	-3.492894	0.256873
6185	-0.318875	-3.495129	0.256873
6195	-0.316164	-3.497311	0.256873
6203	-0.313991	-3.500623	0.255380
6212	-0.310819	-3.502796	0.255380
6224	-0.306745	-3.504939	0.253641
6231	-0.302401	-3.507005	0.253641
6240	-0.296739	-3.510550	0.253641
6249	-0.292278	-3.512515	0.251976
6258	-0.286658	-3.514434	0.251976
6266	-0.281392	-3.516375	0.251976
6275	-0.275822	-3.519314	0.251976
6284	-0.271557	-3.521192	0.251976
6294	-0.267500	-3.523018	0.251976
6303	-0.263201	-3.525159	0.250336
6311	-0.258333	-3.527943	0.250336
6321	-0.255731	-3.529682	0.250336
6334	-0.253639	-3.531459	0.248540
6340	-0.251125	-3.533246	0.248540
6349	-0.249456	-3.535010	0.246869
6358	-0.249635	-3.537705	0.246869
6366	-0.249634	-3.539797	0.246869
6374	-0.249935	-3.541592	0.246869
6384	-0.250441	-3.543353	0.246869
6392	-0.253976	-3.546207	0.246869
6397	-0.255431	-3.547283	0.245436
6403	-0.256227	-3.548069	0.245436
6412	-0.257678	-3.549904	0.245436
6420	-0.259692	-3.551856	0.245436
6429	-0.264741	-3.555207	0.245436
6442	-0.266923	-3.557214	0.245436
6448	-0.268462	-3.559196	0.243984
6456	-0.269382	-3.561249	0.243984
6464	-0.271410	-3.564421	0.243984
6474	-0.272936	-3.566451	0.243984
6483	-0.273185	-3.568517	0.243984
6492	-0.272937	-3.570896	0.243984
6500	-0.271117	-3.574071	0.242500
6510	-0.270256	-3.576058	0.242500
6519	-0.269353	-3.578078	0.242500
6528	-0.266947	-3.580047	0.242500
6537	-0.264542	-3.582030	0.242500
6547	-0.261921	-3.584998	0.238107
6564	-0.257573	-3.589137	0.238107
6572	-0.254968	-3.591009	0.238107
6581	-0.250902	-3.593826	0.238107
6587	-0.248582	-3.595274	0.238107
6600	-0.244512	-3.597204	0.236263
6609	-0.240584	-3.598912	0.236263
6619	-0.234432	-3.601712	0.236263
6627	-0.230283	-3.603311	0.236263
6636	-0.225020	-3.604798	0.236263
6645	-0.219097	-3.606299	0.236263
6655	-0.211009	-3.608442	0.234371
6666	-0.205810	-3.609724	0.232406
6673	-0.200924	-3.611026	0.232406
6681	-0.194196	-3.612511	0.232406
6692	-0.185058	-3.614308	0.232406
6700	-0.179134	-3.615361	0.230686
6709	-0.173021	-3.616434	0.230686
6718	-0.167790	-3.617402	0.230686
6727	-0.162614	-3.618421	0.230686
6735	-0.154771	-3.620156	0.230686
6744	-0.150124	-3.621023	0.230686
6754	-0.145558	-3.621867	0.228898
6763	-0.141839	-3.622775	0.228898
6776	-0.139584	-3.624137	0.226929
6782	-0.138399	-3.625034	0.226929
6790	-0.138174	-3.625952	0.226929
6799	-0.139046	-3.626790	0.225025
6807	-0.143592	-3.628525	0.225025
6817	-0.147234	-3.629479	0.225025
6826	-0.152070	-3.630506	0.225025
6835	-0.157555	-3.631654	0.225025
6843	-0.167060	-3.633593	0.225025
6853	-0.174325	-3.634857	0.223167
6862	-0.185213	-3.636551	0.223167
6871	-0.194595	-3.638003	0.223167
6884	-0.209791	-3.640567	0.221874
6890	-0.220380	-3.642290	0.221874
6898	-0.231718	-3.644162	0.220550
6906	-0.243619	-3.646163	0.220550
6916	-0.262903	-3.649363	0.220550
6925	-0.277872	-3.652074	0.220550
6934	-0.291510	-3.654400	0.220550
6943	-0.305609	-3.656944	0.220550
6953	-0.318658	-3.659556	0.219216
6960	-0.340584	-3.663771	0.219216
6972	-0.355684	-3.666621	0.219216
6979	-0.368943	-3.669637	0.219216
6992	-0.382616	-3.673229	0.219216
6999	-0.399107	-3.678057	0.217842
7006	-0.409602	-3.681372	0.217842
7014	-0.419433	-3.684712	0.217842
7024	-0.428846	-3.688080	0.217842
7032	-0.441656	-3.693347	0.217842
7044	-0.448735	-3.696803	0.217842
7052	-0.455765	-3.700906	0.216482
7060	-0.459373	-3.704447	0.216482
7068	-0.459736	-3.709814	0.216482
7080	-0.457379	-3.713272	0.216482
7087	-0.453517	-3.716740	0.216482
7096	-0.447959	-3.720056	0.216482
7105	-0.439795	-3.723379	0.214950
7114	-0.420903	-3.728744	0.214950
7123	-0.408368	-3.731813	0.214950
7134	-0.393933	-3.734755	0.214950
7141	-0.377610	-3.737482	0.214950
7151	-0.352680	-3.741446	0.213290
7159	-0.335897	-3.743898	0.213290
7164	-0.326290	-3.745276	0.213290
7177	-0.301210	-3.748778	0.213290
7186	-0.277496	-3.751920	0.213290
7195	-0.262078	-3.753755	0.213290
7205	-0.246169	-3.755478	0.211721
7215	-0.230421	-3.757150	0.211721
7222	-0.207669	-3.759459	0.211721
7230	-0.193781	-3.760832	0.211721
7241	-0.181211	-3.762360	0.211721
7250	-0.171075	-3.763509	0.209814
7258	-0.158340	-3.765347	0.209814
7268	-0.152543	-3.766381	0.209814
7277	-0.147393	-3.767380	0.209814
7285	-0.142816	-3.768426	0.209814
7294	-0.138893	-3.769446	0.209814
7303	-0.135521	-3.771254	0.207769
7313	-0.136338	-3.772232	0.207769
7326	-0.137785	-3.773256	0.203715
7332	-0.140788	-3.774318	0.203715
7339	-0.147299	-3.776147	0.203715
7348	-0.153451	-3.777367	0.199576
7358	-0.160310	-3.778573	0.199576
7367	-0.169090	-3.780167	0.199576
7376	-0.180375	-3.782340	0.199576
7385	-0.188452	-3.783880	0.199576
7394	-0.195914	-3.785409	0.199576
7402	-0.204713	-3.787069	0.195365
7411	-0.218509	-3.789765	0.195365
7423	-0.230823	-3.791910	0.195365
7435	-0.241434	-3.793863	0.195365
7441	-0.251648	-3.795829	0.195365
7448	-0.267313	-3.799037	0.191027
7457	-0.277300	-3.801180	0.191027
7465	-0.286981	-3.803442	0.191027
7475	-0.295664	-3.805727	0.191027
7484	-0.303460	-3.808111	0.191027
7493	-0.315166	-3.812196	0.191027
7502	-0.320912	-3.814620	0.186622
7511	-0.325277	-3.817119	0.186622
7520	-0.328057	-3.819640	0.186622
7529	-0.330224	-3.823442	0.186622
7542	-0.330770	-3.825960	0.186622
7548	-0.330059	-3.828849	0.182061
7556	-0.328297	-3.831364	0.182061
7565	-0.323977	-3.835072	0.182061
7574	-0.320411	-3.837514	0.182061
7579	-0.316569	-3.839866	0.182061
7592	-0.311552	-3.842232	0.182061
7603	-0.302993	-3.845655	0.177390
7611	-0.295775	-3.848197	0.177390
7619	-0.288885	-3.850357	0.177390
7628	-0.280466	-3.852463	0.177390
7638	-0.271291	-3.854468	0.177390
7655	-0.248087	-3.859646	0.160201
7664	-0.239635	-3.861389	0.160201
7673	-0.231394	-3.863144	0.160201
7682	-0.221061	-3.865688	0.160201
7691	-0.215911	-3.867338	0.160201
7700	-0.210318	-3.868949	0.151620
7709	-0.205172	-3.870526	0.151620
7718	-0.199512	-3.873154	0.151620
7727	-0.197373	-3.874707	0.151620
7737	-0.195337	-3.876219	0.151620
7745	-0.193025	-3.877772	0.151620
7754	-0.192479	-3.880117	0.145734
7765	-0.192966	-3.881680	0.145734
7772	-0.193634	-3.883291	0.145734
7782	-0.193341	-3.884862	0.145734
7790	-0.194519	-3.887400	0.145734
7800	-0.196750	-3.889312	0.139574
7809	-0.198659	-3.891005	0.139574
7818	-0.200444	-3.892651	0.139574
7826	-0.202243	-3.894378	0.139574
7836	-0.206172	-3.897063	0.139574
7845	-0.207937	-3.898794	0.139574
7853	-0.209081	-3.900574	0.133266
7864	-0.210893	-3.902633	0.133266
7876	-0.213790	-3.905339	0.133266
7882	-0.215871	-3.907133	0.133266
7889	-0.219201	-3.908956	0.133266
7899	-0.223210	-3.910743	0.126741
7908	-0.228431	-3.913571	0.126741
7917	-0.232350	-3.915459	0.126741
7926	-0.237099	-3.917654	0.126741
7935	-0.240626	-3.919569	0.126741
7943	-0.245878	-3.922545	0.126741
7949	-0.248095	-3.923584	0.120058
7955	-0.250293	-3.924472	0.120058
7962	-0.254604	-3.926474	0.120058
7971	-0.258842	-3.928434	0.120058
7985	-0.264528	-3.931784	0.120058
7991	-0.268467	-3.933759	0.120058
7998	-0.271422	-3.935781	0.113396
8007	-0.274140	-3.937712	0.113396
8016	-0.276122	-3.939642	0.113396
8024	-0.275299	-3.942623	0.113396
8034	-0.274437	-3.944488	0.113396
8042	-0.272507	-3.946386	0.113396
8052	-0.268245	-3.948580	0.106630
8057	-0.265358	-3.949721	0.106630
8072	-0.255134	-3.952861	0.106630
8079	-0.249006	-3.954486	0.106630
8093	-0.242044	-3.955995	0.106630
8099	-0.230070	-3.958238	0.104545
8106	-0.220432	-3.959875	0.104545
8115	-0.210593	-3.961128	0.104545
8124	-0.200396	-3.962314	0.104545
8133	-0.184365	-3.963983	0.104545
8142	-0.173333	-3.964963	0.104545
8152	-0.162322	-3.965822	0.102130
8160	-0.151888	-3.966672	0.102130
8169	-0.133782	-3.967991	0.102130
8179	-0.122700	-3.968571	0.102130
8187	-0.112360	-3.969164	0.102130
8197	-0.102472	-3.969620	0.102130
8205	-0.092140	-3.970071	0.084352
8215	-0.078363	-3.970676	0.084352
8223	-0.070328	-3.971034	0.084352
8232	-0.060974	-3.971421	0.084352
8242	-0.053545	-3.971647	0.084352
8251	-0.043456	-3.972089	0.075377
8260	-0.036885	-3.972245	0.075377
8268	-0.030012	-3.972451	0.075377
8278	-0.024066	-3.972576	0.075377
8287	-0.016382	-3.972919	0.075377
8295	-0.012587	-3.973142	0.075377
8305	-0.009572	-3.973281	0.066336
8316	-0.006474	-3.973445	0.054884
8323	-0.002088	-3.973719	0.054884
8332	0.001196	-3.973861	0.054884
8341	0.004458	-3.973940	0.054884
8349	0.007003	-3.974092	0.043356
8358	0.010571	-3.974321	0.043356
8370	0.012017	-3.974593	0.043356
8377	0.012257	-3.974762	0.043356
8386	0.012779	-3.974865	0.043356
8396	0.012786	-3.974928	0.043356
8403	0.010088	-3.975254	0.031824
8409	0.007904	-3.975428	0.031824
8426	0.003729	-3.975608	0.018711
8431	-0.000059	-3.975749	0.018711
8439	-0.007303	-3.976125	0.018711
8445	-0.011442	-3.976299	0.005740
8458	-0.018117	-3.976482	0.005740
8466	-0.023804	-3.976717	0.005740
8476	-0.033476	-3.977105	0.005740
8484	-0.041681	-3.977418	0.005740
8494	-0.049116	-3.977623	0.005740
8505	-0.057852	-3.977828	-0.007016
8512	-0.069612	-3.978345	-0.007016
8520	-0.076946	-3.978632	-0.007016
8534	-0.083504	-3.978871	-0.007016
8541	-0.087853	-3.979210	-0.007016
8549	-0.091458	-3.979545	-0.010987
8557	-0.093874	-3.980000	-0.010987
8566	-0.096153	-3.980205	-0.010987
8575	-0.097655	-3.980409	-0.010987
8583	-0.098236	-3.980599	-0.010987
8593	-0.096809	-3.980860	-0.010987
8602	-0.095063	-3.980968	-0.014780
8612	-0.091605	-3.981046	-0.014780
8620	-0.087386	-3.981056	-0.014780
8629	-0.077485	-3.981083	-0.014780
8642	-0.069437	-3.980992	-0.014780
8648	-0.060425	-3.980838	-0.014780
8656	-0.050651	-3.980667	-0.018439
8666	-0.030992	-3.980268	-0.018439
8674	-0.019800	-3.979914	-0.018439
8683	-0.009823	-3.979435	-0.018439
8692	-0.000722	-3.978923	-0.018439
8701	0.007412	-3.978359	-0.021941
8710	0.018055	-3.977634	-0.021941
8721	0.025353	-3.977080	-0.021941
8728	0.032390	-3.976484	-0.021941
8737	0.036270	-3.975993	-0.021941
8745	0.042200	-3.975379	-0.021941
8755	0.045255	-3.974920	-0.022403
8764	0.047033	-3.974513	-0.022403
8774	0.048234	-3.974218	-0.022403
8781	0.048120	-3.973923	-0.022403
8792	0.048627	-3.973740	-0.022403
8800	0.049825	-3.973620	-0.022778
8806	0.051277	-3.973484	-0.022778
8818	0.054868	-3.973381	-0.022778
8828	0.056631	-3.973286	-0.022778
8837	0.058484	-3.973165	-0.022778
8845	0.060413	-3.973049	-0.022778
8854	0.064287	-3.972992	-0.023096
8865	0.065181	-3.972891	-0.023096
8873	0.065631	-3.972859	-0.023096
8881	0.066119	-3.972829	-0.023096
8891	0.066324	-3.972818	-0.023096
8899	0.065958	-3.972805	-0.021636
8909	0.065714	-3.972752	-0.021636
8917	0.064444	-3.972693	-0.021636
8927	0.061830	-3.972601	-0.021636
8937	0.056523	-3.972438	-0.021636
8945	0.052304	-3.972269	-0.021636
8953	0.047707	-3.972063	-0.020072
8963	0.044662	-3.971825	-0.020072
8980	0.034787	-3.971270	-0.021420
8990	0.031794	-3.971003	-0.021420
9000	0.029612	-3.970687	-0.022802
9009	0.025349	-3.970221	-0.022802
9017	0.022991	-3.969870	-0.022802
9026	0.021725	-3.969419	-0.022802
9034	0.021347	-3.968965	-0.022802
9043	0.021609	-3.968261	-0.022802
9054	0.021278	-3.967717	-0.024083
9062	0.021521	-3.967193	-0.024083
9071	0.021936	-3.966596	-0.024083
9084	0.022585	-3.965772	-0.025697
9091	0.023232	-3.965105	-0.025697
9098	0.023377	-3.964485	-0.025697
9106	0.024072	-3.963755	-0.027382
9118	0.026022	-3.963048	-0.027382
9125	0.028455	-3.962080	-0.027382
9134	0.029080	-3.961326	-0.027382
9143	0.028769	-3.960568	-0.027382
9152	0.028390	-3.959864	-0.029030
9160	0.027511	-3.958853	-0.029030
9179	0.024011	-3.957341	-0.029030
9193	0.021283	-3.956680	-0.029030
9206	0.015056	-3.955273	-0.030607
9215	0.011785	-3.954753	-0.030607
9224	0.007400	-3.954186	-0.030607
9233	0.000027	-3.953633	-0.030607
9245	-0.003709	-3.953260	-0.030607
9252	-0.008597	-3.952946	-0.032086
9260	-0.013246	-3.952748	-0.032086
9269	-0.016863	-3.952623	-0.032086
9274	-0.019295	-3.952588	-0.032086
9287	-0.025248	-3.952607	-0.032086
9297	-0.028222	-3.952679	-0.032086
9306	-0.029818	-3.952829	-0.037294
9315	-0.031740	-3.953143	-0.037294
9323	-0.032856	-3.953402	-0.037294
9332	-0.033569	-3.953677	-0.037294
9338	-0.033346	-3.953927	-0.037294
9351	-0.032949	-3.954340	-0.037102
9360	-0.032899	-3.954697	-0.037102
9369	-0.031711	-3.954919	-0.037102
9377	-0.030678	-3.955169	-0.037102
9386	-0.026978	-3.955628	-0.037102
9396	-0.023081	-3.955863	-0.037102
9405	-0.019436	-3.956028	-0.036803
9417	-0.015679	-3.956237	-0.037089
9424	-0.007594	-3.956542	-0.037089
9432	-0.002857	-3.956673	-0.037089
9442	0.001336	-3.956735	-0.037089
9450	0.005147	-3.956813	-0.037016
9459	0.008678	-3.956829	-0.037016
9468	0.013382	-3.956815	-0.037016
9478	0.017292	-3.956652	-0.037016
9485	0.020247	-3.956503	-0.037016
9495	0.021667	-3.956225	-0.037016
9503	0.022243	-3.955881	-0.036792
9513	0.021646	-3.955540	-0.036792
9525	0.020014	-3.955245	-0.036792
9532	0.017087	-3.954852	-0.036792
9539	0.011122	-3.954407	-0.036792
9551	0.008586	-3.953987	-0.036568
9558	0.005666	-3.953553	-0.036568
9567	0.002154	-3.953204	-0.036568
9575	-0.004664	-3.952817	-0.036568
9587	-0.008930	-3.952483	-0.036568
9594	-0.011993	-3.952217	-0.036568
9603	-0.016311	-3.951849	-0.036313
9613	-0.021826	-3.951417	-0.036313
9621	-0.026044	-3.951145	-0.036313
9635	-0.029599	-3.950917	-0.036430
9641	-0.031580	-3.950667	-0.036430
9648	-0.032590	-3.950483	-0.036430
9657	-0.032669	-3.950131	-0.035652
9667	-0.031653	-3.949788	-0.035652
9675	-0.028721	-3.949503	-0.035652
9680	-0.027747	-3.949411	-0.035652
9689	-0.025208	-3.949188	-0.035652
9702	-0.014296	-3.948324	-0.034663
9711	-0.008412	-3.947870	-0.034663
9720	-0.002092	-3.947361	-0.034663
9729	0.009369	-3.946589	-0.034663
9734	0.017271	-3.946045	-0.034663
9748	0.025069	-3.945421	-0.034663
9756	0.031592	-3.944831	-0.033676
9766	0.041880	-3.943842	-0.033676
9774	0.047844	-3.943158	-0.033676
9783	0.053176	-3.942404	-0.033676
9792	0.057630	-3.941593	-0.033676
9801	0.061233	-3.940854	-0.032671
9809	0.064647	-3.939872	-0.032671
9820	0.066926	-3.939141	-0.032671
9829	0.069693	-3.938394	-0.032671
9837	0.071995	-3.937708	-0.032671
9846	0.075664	-3.936810	-0.032671
9855	0.078623	-3.936109	-0.031022
9864	0.081178	-3.935469	-0.031022
9873	0.083520	-3.934888	-0.031022
9883	0.086241	-3.934038	-0.031022
9892	0.087597	-3.933500	-0.031022
9901	0.088571	-3.932912	-0.029298
9909	0.088909	-3.932378	-0.029298
9918	0.090413	-3.931565	-0.029298
9929	0.090178	-3.931026	-0.029298
9936	0.089456	-3.930558	-0.029298
9946	0.088244	-3.930040	-0.029298
9954	0.084606	-3.929421	-0.027549
9966	0.081727	-3.928947	-0.027556
9972	0.079483	-3.928501	-0.027556
9981	0.076039	-3.928025	-0.027556
9993	0.071868	-3.927567	-0.027556
10001	0.065554	-3.926944	-0.027646
10009	0.061826	-3.926551	-0.027646
10018	0.058185	-3.926042	-0.027646
10027	0.053891	-3.925593	-0.027646
10036	0.046728	-3.924885	-0.027646
10045	0.044120	-3.924421	-0.027646
10054	0.041886	-3.923887	-0.027354
10063	0.040381	-3.923305	-0.027354
10076	0.039994	-3.922572	-0.027354
10082	0.041523	-3.922021	-0.027354
10090	0.043789	-3.921452	-0.027354
10102	0.046622	-3.920814	-0.026878
10109	0.053379	-3.919840	-0.026878
10117	0.057800	-3.919218	-0.026878
10122	0.059897	-3.918846	-0.026878
10135	0.066094	-3.917738	-0.026878
10144	0.073550	-3.916613	-0.026878
10149	0.078763	-3.915721	-0.026343
10162	0.084644	-3.914653	-0.026343
10171	0.089122	-3.913743	-0.026343
10185	0.093422	-3.912646	-0.026343
10199	0.100934	-3.910117	-0.026343
10207	0.103247	-3.909082	-0.025748
10217	0.105151	-3.908119	-0.025748
10225	0.108256	-3.906647	-0.025748
10234	0.109496	-3.905753	-0.025748
10243	0.110305	-3.904809	-0.025748
10252	0.110764	-3.903911	-0.025081
10260	0.110811	-3.902735	-0.025081
10272	0.109740	-3.901927	-0.025081
10279	0.107773	-3.901112	-0.025081
10293	0.105191	-3.900014	-0.026019
10306	0.097488	-3.897580	-0.027136
10315	0.092450	-3.896571	-0.027136
10325	0.087845	-3.895598	-0.027136
10333	0.079683	-3.894399	-0.027136
10344	0.071632	-3.893472	-0.027136
10352	0.062860	-3.892536	-0.028216
10361	0.054498	-3.891662	-0.028216
10369	0.045786	-3.891144	-0.028216
10379	0.032705	-3.890498	-0.028216
10387	0.023596	-3.890088	-0.028216
10397	0.015269	-3.889720	-0.028216
10406	0.007325	-3.889420	-0.027489
10415	-0.007730	-3.888973	-0.027489
10423	-0.015686	-3.888786	-0.027489
10434	-0.023298	-3.888619	-0.027489
10441	-0.029457	-3.888533	-0.027489
10451	-0.037493	-3.888366	-0.026658
10459	-0.041357	-3.888292	-0.026658
10469	-0.044098	-3.888228	-0.026658
10477	-0.045543	-3.888248	-0.026658
10487	-0.044630	-3.888195	-0.026658
10495	-0.043612	-3.888164	-0.026658
10505	-0.041862	-3.888091	-0.025797
10516	-0.038688	-3.888052	-0.025797
10524	-0.032942	-3.887936	-0.025797
10532	-0.027754	-3.887845	-0.025797
10541	-0.020930	-3.887663	-0.025797
10549	-0.014463	-3.887515	-0.025797
10555	-0.008737	-3.887398	-0.024916
10567	0.004005	-3.887091	-0.024916
10573	0.009970	-3.886885	-0.024916
10586	0.020237	-3.886439	-0.024916
10595	0.028006	-3.886096	-0.024916
10603	0.039546	-3.885570	-0.024010
10614	0.045856	-3.885188	-0.024010
10625	0.050377	-3.884835	-0.024010
10631	0.054109	-3.884400	-0.024010
10640	0.060817	-3.883852	-0.024010
10651	0.065619	-3.883407	-0.023083
10658	0.069940	-3.882949	-0.023083
10667	0.073717	-3.882430	-0.023083
10677	0.076820	-3.881621	-0.023083
10685	0.077135	-3.881094	-0.023083
10694	0.076719	-3.880510	-0.023083
10703	0.075465	-3.879965	-0.022137
10712	0.073438	-3.879364	-0.022137
10720	0.066475	-3.878557	-0.022137
10734	0.061660	-3.878069	-0.022137
10741	0.056028	-3.877592	-0.022137
10748	0.049572	-3.877221	-0.022137
10758	0.039390	-3.876642	-0.019560
10766	0.031982	-3.876318	-0.019560
10775	0.023815	-3.875976	-0.019560
10784	0.016488	-3.875712	-0.019560
10793	0.004736	-3.875307	-0.019560
10802	-0.001649	-3.874993	-0.016682
10812	-0.008168	-3.874748	-0.016682
10820	-0.013312	-3.874444	-0.016682
10829	-0.019261	-3.874131	-0.016682
10843	-0.022575	-3.873837	-0.017740
10849	-0.025071	-3.873545	-0.019025
10856	-0.025590	-3.873268	-0.019025
10867	-0.025644	-3.872916	-0.019025
10875	-0.026748	-3.872541	-0.019025
10883	-0.027290	-3.872342	-0.019025
10895	-0.027075	-3.872057	-0.019025
10901	-0.026297	-3.871873	-0.020259
10910	-0.024583	-3.871684	-0.020259
10922	-0.024247	-3.871532	-0.020259
10929	-0.022958	-3.871356	-0.020259
10937	-0.021113	-3.871176	-0.020259
10947	-0.018809	-3.870953	-0.020259
10955	-0.017473	-3.870788	-0.021427
10964	-0.015541	-3.870553	-0.021427
10982	-0.009379	-3.870147	-0.021427
10992	-0.007386	-3.869923	-0.021427
11001	-0.004935	-3.869722	-0.022573
11009	-0.001118	-3.869644	-0.022573
11018	0.004172	-3.869673	-0.022573
11029	0.007907	-3.869680	-0.022573
11037	0.011780	-3.869658	-0.022573
11046	0.014941	-3.869672	-0.022573
11055	0.018738	-3.869726	-0.023703
11067	0.023654	-3.869751	-0.023703
11073	0.026526	-3.869778	-0.023703
