TIMESTAMPms	M1ATTITUDEyawspeed	M1ATTITUDEyaw	asrud
0	0.004237	2.019114	0.000000
9	0.013237	2.019891	-0.000000
18	0.023266	2.020571	-0.000000
27	0.034704	2.021171	-0.000000
35	0.049572	2.021970	0.000000
44	0.058676	2.022400	0.000000
54	0.069991	2.022735	0.000000
63	0.083002	2.023017	-0.000000
71	0.097907	2.023302	-0.000000
90	0.128527	2.023625	0.000000
98	0.143817	2.023680	0.000000
108	0.170450	2.023752	-0.000000
117	0.186810	2.023787	-0.000000
126	0.202950	2.023850	-0.000000
135	0.221962	2.023941	0.000000
145	0.239925	2.024071	0.000000
153	0.267543	2.024375	0.000000
162	0.284396	2.024651	-0.000000
170	0.301727	2.025012	-0.000000
181	0.320243	2.025452	0.000000
188	0.348712	2.026335	0.000000
216	0.399820	2.029150	0.000000
225	0.420819	2.030902	0.000000
236	0.431664	2.032237	-0.000000
243	0.441816	2.033663	-0.000000
253	0.451927	2.035452	-0.000000
261	0.464515	2.037932	0.000000
271	0.469674	2.039744	0.000000
280	0.471487	2.041601	0.000000
288	0.471465	2.043540	-0.000000
297	0.468057	2.046542	-0.000000
310	0.463853	2.048602	0.000000
316	0.458057	2.050724	0.000000
324	0.447441	2.053210	0.000000
334	0.435969	2.055383	-0.000000
342	0.415074	2.058595	-0.000000
353	0.399728	2.060770	-0.000000
360	0.383759	2.062911	0.000000
370	0.366873	2.065099	0.000000
380	0.336899	2.068714	-0.000000
387	0.318820	2.070884	-0.000000
396	0.302202	2.073047	-0.000000
408	0.286321	2.075246	-0.000000
420	0.252056	2.079593	0.000000
433	0.226454	2.082860	-0.000000
442	0.210556	2.085014	-0.000000
450	0.185937	2.088535	-0.000000
459	0.173974	2.090607	0.000000
469	0.164059	2.092700	0.000000
479	0.155476	2.094787	0.000000
488	0.147331	2.097882	-0.000000
496	0.143323	2.099978	-0.000000
504	0.139636	2.102053	-0.000000
513	0.136363	2.104467	0.000000
533	0.130917	2.109590	-0.000000
542	0.129311	2.111592	-0.000000
551	0.129184	2.113556	-0.000000
559	0.130050	2.116504	0.000000
569	0.130749	2.118416	0.000000
578	0.131032	2.120614	0.000000
589	0.129723	2.122447	-0.000000
596	0.125616	2.125132	-0.000000
605	0.121667	2.126823	-0.000000
614	0.116369	2.128434	0.000000
622	0.111008	2.129950	0.000000
637	0.103862	2.132373	-0.000000
643	0.098516	2.133687	-0.000000
650	0.093425	2.134943	-0.000000
659	0.089666	2.136125	0.000000
668	0.083532	2.137879	0.000000
678	0.079716	2.138958	0.000000
686	0.077014	2.140006	-0.000000
695	0.073963	2.141012	-0.000000
704	0.071084	2.142170	-0.000000
713	0.066897	2.143637	0.000000
723	0.064587	2.144605	0.000000
731	0.062555	2.145571	-0.000000
739	0.059706	2.146515	-0.000000
750	0.050499	2.147976	-0.000000
758	0.042033	2.149041	0.000000
767	0.033844	2.149929	0.000000
776	0.025953	2.150794	0.000000
785	0.014858	2.152189	-0.000000
794	0.007564	2.153080	-0.000000
804	0.000671	2.154002	-0.000000
812	-0.007016	2.154942	0.000000
822	-0.020593	2.156614	0.000000
831	-0.027766	2.157586	-0.000000
839	-0.033724	2.158598	-0.000000
849	-0.038730	2.159629	-0.000000
860	-0.043584	2.161317	0.000000
867	-0.044437	2.162434	0.000000
876	-0.042531	2.163604	0.000000
884	-0.038547	2.164837	-0.000000
890	-0.032836	2.166341	-0.000000
903	-0.024709	2.168434	-0.000000
912	-0.017667	2.169867	0.000000
920	-0.009094	2.171336	0.000000
932	0.007496	2.173721	-0.000000
938	0.019283	2.175354	-0.000000
948	0.035115	2.177364	-0.000000
957	0.049033	2.179136	0.000000
970	0.069739	2.181978	0.000000
976	0.084584	2.183915	-0.000000
984	0.100765	2.185920	-0.000000
993	0.117263	2.187970	-0.000000
1002	0.133499	2.190091	0.000000
1012	0.162587	2.193836	0.000000
1021	0.180519	2.196069	0.000000
1029	0.198475	2.198384	-0.000000
1037	0.214159	2.200751	-0.000000
1047	0.235242	2.204419	-0.000000
1056	0.248279	2.206841	0.000000
1065	0.260977	2.209223	0.000000
1084	0.293383	2.215671	-0.000000
1093	0.301565	2.217996	-0.000000
1101	0.307247	2.220305	-0.000000
1110	0.311762	2.222542	0.000000
1120	0.316984	2.225780	0.000000
1130	0.319271	2.227792	0.000000
1138	0.321261	2.230104	-0.000000
1147	0.322283	2.231928	-0.000000
1155	0.323731	2.234643	0.000000
1167	0.323766	2.236319	0.000000
1174	0.323009	2.237891	0.000000
1193	0.319058	2.241591	-0.000000
1202	0.317734	2.243142	-0.000000
1210	0.316769	2.244396	0.000000
1220	0.314754	2.245597	0.000000
1230	0.310236	2.247370	-0.000000
1237	0.306722	2.248458	-0.000000
1248	0.300739	2.249462	-0.000000
1256	0.293624	2.250433	0.000000
1264	0.281272	2.251973	0.000000
1273	0.273524	2.252799	0.000000
1283	0.264509	2.253556	-0.000000
1296	0.254226	2.254263	-0.000000
1302	0.238804	2.255290	0.000000
1310	0.228901	2.255882	0.000000
1319	0.217285	2.256433	0.000000
1328	0.201188	2.257046	-0.000000
1337	0.186362	2.257513	-0.000000
1346	0.163163	2.258173	-0.000000
1355	0.146469	2.258547	0.000000
1363	0.128022	2.258868	0.000000
1375	0.106792	2.259148	0.000000
1381	0.072947	2.259451	-0.000000
1393	0.045132	2.259560	-0.000000
1400	0.020350	2.259557	-0.000000
1410	-0.006590	2.259423	0.000000
1417	-0.046333	2.259045	0.000000
1429	-0.071746	2.258623	0.000000
1436	-0.095748	2.258124	-0.000000
1445	-0.119089	2.257542	-0.000000
1454	-0.154727	2.256451	-0.000000
1464	-0.173720	2.255635	0.000000
1472	-0.190442	2.254744	0.000000
1481	-0.206145	2.253804	0.000000
1491	-0.227869	2.252363	-0.000000
1499	-0.238940	2.251333	-0.000000
1508	-0.248166	2.250290	0.000000
1520	-0.259227	2.248620	0.000000
1526	-0.261958	2.248036	0.000000
1534	-0.267465	2.246514	-0.000000
1544	-0.268129	2.245503	-0.000000
1553	-0.266822	2.244551	-0.000000
1562	-0.264657	2.243632	0.000000
1571	-0.259440	2.242437	0.000000
1581	-0.251736	2.241586	-0.000000
1589	-0.242133	2.240903	-0.000000
1598	-0.230138	2.240314	-0.000000
1608	-0.205325	2.239700	0.000000
1617	-0.183680	2.239418	0.000000
1636	-0.129465	2.239378	-0.000000
1643	-0.071310	2.240071	-0.000000
1652	-0.034877	2.240737	-0.000000
1662	0.002730	2.241645	0.000000
1671	0.041786	2.242775	0.000000
1682	0.096986	2.244947	-0.000000
1689	0.129624	2.246611	-0.000000
1698	0.157474	2.248401	-0.000000
1706	0.184751	2.250640	0.000000
1716	0.204806	2.252588	0.000000
1724	0.230048	2.255630	0.000000
1743	0.255381	2.259648	-0.000000
1752	0.265715	2.261610	-0.000000
1760	0.278066	2.264478	0.000000
1772	0.285426	2.266584	0.000000
1780	0.290324	2.268255	0.000000
1788	0.294533	2.269832	-0.000000
1797	0.299723	2.272073	-0.000000
1805	0.302320	2.273397	-0.000000
1815	0.303841	2.274601	0.000000
1823	0.305068	2.275697	0.000000
1832	0.305300	2.277322	-0.000000
1851	0.301265	2.278672	-0.000000
1860	0.298437	2.279136	0.000000
1870	0.292862	2.279634	0.000000
1878	0.287951	2.279762	0.000000
1887	0.282226	2.279744	-0.000000
1896	0.276824	2.279552	-0.000000
1904	0.272002	2.279276	-0.000000
1914	0.261887	2.278641	0.000000
1923	0.253870	2.278044	0.000000
1932	0.245749	2.277351	-0.000000
1941	0.236657	2.276532	-0.000000
1950	0.221972	2.275147	-0.000000
1960	0.209410	2.273896	0.000000
1968	0.199179	2.272726	0.000000
1978	0.188867	2.271488	0.000000
1987	0.171314	2.269526	-0.000000
1995	0.157567	2.268124	-0.000000
2004	0.142872	2.266651	-0.000000
2012	0.127543	2.265120	0.000000
2023	0.099447	2.262458	0.000000
2032	0.080007	2.260749	-0.000000
2040	0.059542	2.258950	-0.000000
2049	0.039475	2.257112	-0.000000
2058	0.007179	2.254245	0.000000
2069	-0.016516	2.252220	0.000000
2077	-0.041112	2.250124	0.000000
2085	-0.070543	2.247556	-0.000000
2094	-0.095174	2.245306	-0.000000
2104	-0.132700	2.241845	-0.000000
2113	-0.157661	2.239436	0.000000
2121	-0.181371	2.236981	0.000000
2132	-0.203839	2.234504	-0.000000
2138	-0.236260	2.230772	-0.000000
2150	-0.260811	2.227880	-0.000000
2158	-0.282824	2.225418	0.000000
2166	-0.303879	2.222937	0.000000
2180	-0.346342	2.218052	-0.000000
2193	-0.375380	2.214399	-0.000000
2202	-0.394044	2.212019	-0.000000
2212	-0.422272	2.208214	0.000000
2221	-0.437689	2.205976	0.000000
2230	-0.451785	2.203795	0.000000
2238	-0.464827	2.201692	-0.000000
2248	-0.482538	2.198764	-0.000000
2257	-0.492159	2.196898	0.000000
2265	-0.500999	2.195104	0.000000
2275	-0.508626	2.193211	0.000000
2288	-0.512835	2.191677	-0.000000
2295	-0.515345	2.189670	-0.000000
2302	-0.515927	2.188493	-0.000000
2311	-0.515000	2.187510	0.000000
2320	-0.513985	2.186664	0.000000
2329	-0.509581	2.185668	0.000000
2338	-0.503149	2.185282	-0.000000
2346	-0.487391	2.185081	-0.000000
2355	-0.455112	2.185129	-0.000000
2364	-0.400681	2.185786	0.000000
2374	-0.365361	2.186564	0.000000
2383	-0.333141	2.187629	-0.000000
2396	-0.299979	2.188937	-0.000000
2402	-0.249916	2.191709	-0.000000
2410	-0.216501	2.193612	0.000000
2418	-0.183244	2.195714	0.000000
2429	-0.148153	2.197991	-0.000000
2438	-0.092844	2.201797	-0.000000
2446	-0.056098	2.204523	-0.000000
2455	-0.018251	2.207414	-0.000000
2464	0.026147	2.210991	0.000000
2473	0.063511	2.214109	0.000000
2482	0.116967	2.219030	-0.000000
2490	0.148793	2.222305	-0.000000
2500	0.178327	2.225575	-0.000000
2510	0.214556	2.230470	0.000000
2518	0.232509	2.233569	0.000000
2528	0.248935	2.237036	0.000000
2537	0.259255	2.239803	-0.000000
2545	0.267228	2.242377	-0.000000
2555	0.277398	2.245901	-0.000000
2563	0.283762	2.247929	0.000000
2572	0.290357	2.249751	0.000000
2581	0.296713	2.251385	0.000000
2591	0.306648	2.253715	-0.000000
2598	0.311534	2.254796	-0.000000
2610	0.318386	2.255661	0.000000
2620	0.329377	2.256752	0.000000
2626	0.335315	2.257230	-0.000000
2634	0.341458	2.257594	-0.000000
2646	0.349353	2.257836	-0.000000
2654	0.360912	2.258049	0.000000
2664	0.370593	2.258140	0.000000
2676	0.398928	2.258035	-0.000000
2700	0.405878	2.257961	-0.000000
2707	0.412191	2.257889	0.000000
2717	0.412621	2.257786	0.000000
2735	0.409045	2.257474	-0.000000
2745	0.403418	2.257294	-0.000000
2755	0.397270	2.257107	-0.000000
2762	0.392102	2.256911	0.000000
2771	0.381684	2.256636	0.000000
2781	0.370481	2.256443	-0.000000
2790	0.353701	2.256195	-0.000000
2799	0.334069	2.255873	-0.000000
2809	0.302560	2.255327	0.000000
2817	0.279449	2.254854	0.000000
2825	0.252917	2.254297	0.000000
2839	0.225199	2.253647	-0.000000
2845	0.193415	2.252810	-0.000000
2853	0.154423	2.251568	-0.000000
2862	0.128374	2.250657	0.000000
2871	0.101883	2.249678	0.000000
2881	0.073798	2.248631	-0.000000
2888	0.032378	2.246951	-0.000000
2898	0.002830	2.245738	-0.000000
2907	-0.032432	2.244233	0.000000
2917	-0.062152	2.242859	0.000000
2925	-0.104031	2.240721	0.000000
2933	-0.129678	2.239189	-0.000000
2947	-0.154647	2.237641	-0.000000
2953	-0.179578	2.236069	0.000000
2961	-0.217158	2.233404	0.000000
2971	-0.237874	2.231793	0.000000
2980	-0.257948	2.230177	-0.000000
2988	-0.277780	2.228530	-0.000000
2996	-0.305381	2.226106	-0.000000
3006	-0.321814	2.224510	0.000000
3015	-0.336411	2.222925	0.000000
3025	-0.350138	2.221389	0.000000
3033	-0.365481	2.219644	-0.000000
3043	-0.382222	2.217538	-0.000000
3051	-0.392643	2.216174	-0.000000
3062	-0.402713	2.214873	0.000000
3069	-0.412182	2.213655	0.000001
3079	-0.423619	2.211956	0.000001
3087	-0.429814	2.210748	-0.000000
3096	-0.432016	2.209778	-0.000003
3105	-0.430019	2.208920	-0.000004
3114	-0.423272	2.207842	0.000000
3125	-0.417453	2.207243	0.000009
3132	-0.410740	2.206739	-0.000000
3142	-0.399314	2.206375	-0.000038
3151	-0.375000	2.206094	-0.000056
3159	-0.355685	2.206117	0.000000
3170	-0.333246	2.206297	0.000171
3177	-0.305840	2.206649	0.000234
3187	-0.261388	2.207637	-0.000000
3196	-0.227792	2.208530	-0.000499
3205	-0.190449	2.209641	-0.000785
3214	-0.150885	2.211005	0.000000
3224	-0.100008	2.212922	0.001818
3232	-0.032163	2.215955	-0.000000
3241	0.014238	2.218290	-0.006862
3250	0.061623	2.220878	-0.011099
3259	0.107978	2.223732	0.000000
3268	0.174032	2.228466	0.033752
3281	0.235715	2.234233	0.085417
3287	0.251778	2.235919	0.098705
3295	0.280435	2.239569	0.108146
3303	0.312116	2.245188	0.118641
3309	0.327598	2.248895	0.135417
3321	0.339884	2.252633	0.198347
3332	0.350532	2.256272	0.256250
3340	0.363275	2.262288	0.282000
3348	0.367560	2.265734	0.298713
3357	0.370149	2.269096	0.316667
3367	0.368806	2.272323	0.343581
3376	0.355035	2.276817	0.377162
3390	0.340249	2.279615	0.433333
3395	0.317674	2.282470	0.454042
3403	0.299077	2.284322	0.479958
3413	0.263607	2.287541	0.514583
3420	0.241958	2.289053	0.539251
3432	0.219289	2.290253	0.575333
3439	0.194864	2.291280	0.593750
3449	0.169679	2.291955	0.611835
3457	0.129364	2.292599	0.618750
3466	0.095127	2.292611	0.621179
3474	0.063790	2.292294	0.620905
3484	0.032307	2.291636	0.620833
3498	-0.018464	2.290280	0.626583
3504	-0.052598	2.288937	0.631250
3511	-0.085787	2.287329	0.638205
3521	-0.117208	2.285419	0.648173
3530	-0.165113	2.281818	0.658333
3539	-0.193102	2.279302	0.668050
3548	-0.219271	2.276518	0.677079
3556	-0.245079	2.273567	0.685417
3566	-0.284593	2.268776	0.693683
3575	-0.312749	2.265254	0.699687
3583	-0.340793	2.261508	0.704167
3592	-0.373362	2.256945	0.707158
3607	-0.443181	2.246097	0.710417
3620	-0.469830	2.241327	0.713721
3629	-0.493300	2.236394	0.717012
3638	-0.512826	2.231267	0.720833
3646	-0.540350	2.223434	0.724971
3655	-0.559316	2.217089	0.729299
3673	-0.585355	2.205916	0.732774
3683	-0.598663	2.197380	0.733333
3692	-0.605181	2.191587	0.734986
3700	-0.608886	2.185791	0.736643
3720	-0.603837	2.170469	0.737723
3728	-0.598280	2.164781	0.737388
3737	-0.590405	2.159131	0.737500
3746	-0.581402	2.153612	0.738678
3755	-0.564349	2.145523	0.740439
3763	-0.551847	2.140242	0.741667
3769	-0.538273	2.135086	0.742089
3782	-0.521495	2.129231	0.742046
3791	-0.503133	2.121932	0.741667
3800	-0.492046	2.117182	0.741462
3809	-0.481692	2.112519	0.741667
3818	-0.472818	2.107937	0.742322
3835	-0.454195	2.096089	0.741667
3844	-0.449363	2.091740	0.738736
3854	-0.445334	2.087431	0.734503
3863	-0.441047	2.083160	0.731250
3873	-0.434779	2.076862	0.729040
3882	-0.429729	2.072695	0.727083
3890	-0.424534	2.068570	0.724128
3898	-0.420425	2.064487	0.720294
3908	-0.414826	2.057783	0.716667
3917	-0.412757	2.053795	0.715465
3926	-0.411909	2.049818	0.715580
3940	-0.411925	2.045846	0.716667
3953	-0.418840	2.035870	0.716823
3961	-0.424905	2.031817	0.716667
3971	-0.434856	2.027007	0.716621
3981	-0.447858	2.020752	0.716667
3990	-0.456940	2.016483	0.716679
3998	-0.467224	2.012151	0.716670
4008	-0.478018	2.007706	0.716667
4016	-0.490274	2.003238	0.716687
4024	-0.508875	1.996342	0.716706
4034	-0.524124	1.990828	0.716667
4054	-0.560829	1.978598	0.716667
4061	-0.577527	1.973513	0.716992
4070	-0.596147	1.968315	0.717250
4080	-0.615504	1.962997	0.716667
4088	-0.635205	1.957544	0.715101
4097	-0.670384	1.948182	0.713338
4116	-0.717896	1.936488	0.712485
4124	-0.743626	1.930403	0.712307
4133	-0.780709	1.921000	0.710417
4142	-0.805519	1.914541	0.705780
4157	-0.829921	1.907923	0.696013
4170	-0.891901	1.889645	0.689583
4178	-0.911239	1.882567	0.689131
4188	-0.929222	1.875339	0.689583
4197	-0.944833	1.868038	0.688698
4205	-0.957007	1.860729	0.687010
4215	-0.969331	1.849625	0.685417
4224	-0.974233	1.840919	0.685093
4233	-0.973463	1.833520	0.685417
4242	-0.966259	1.826131	0.685563
4251	-0.941675	1.815264	0.685060
4260	-0.915643	1.808199	0.683333
4270	-0.886721	1.801307	0.680132
4278	-0.857464	1.794625	0.677427
4287	-0.807907	1.783951	0.675000
4295	-0.778964	1.777809	0.674506
4305	-0.753849	1.771821	0.674937
4314	-0.732689	1.766006	0.675000
4322	-0.707524	1.757492	0.673934
4341	-0.681738	1.746416	0.668750
4350	-0.670657	1.740082	0.666318
4359	-0.657726	1.732066	0.664583
4368	-0.649707	1.726758	0.663478
4380	-0.636138	1.718923	0.662500
4387	-0.631024	1.716347	0.661753
4394	-0.620945	1.711226	0.660586
4404	-0.607424	1.703605	0.659171
4413	-0.596603	1.697753	0.658333
4422	-0.588913	1.692806	0.658111
4433	-0.581936	1.687912	0.658333
4439	-0.572915	1.680640	0.658502
4450	-0.566975	1.675832	0.658571
4458	-0.561828	1.671062	0.658333
4467	-0.557235	1.666328	0.657578
4478	-0.550306	1.658479	0.655762
4490	-0.545470	1.653847	0.652083
4495	-0.541704	1.649267	0.649779
4503	-0.537831	1.644690	0.646043
4513	-0.531050	1.637939	0.641667
4521	-0.528009	1.633468	0.639141
4531	-0.524005	1.629062	0.637040
4539	-0.519485	1.623973	0.635417
4548	-0.512252	1.617548	0.633320
4556	-0.507444	1.613349	0.631250
4562	-0.503605	1.610630	0.629813
4575	-0.495026	1.605110	0.627028
4584	-0.489794	1.601105	0.625000
4603	-0.473823	1.590617	0.620833
4611	-0.465189	1.586869	0.620124
4620	-0.456116	1.583170	0.619786
4630	-0.439265	1.577757	0.618750
4639	-0.424160	1.574284	0.616390
4647	-0.406334	1.570960	0.613540
4656	-0.385050	1.567738	0.610417
4664	-0.347092	1.562719	0.608332
4674	-0.326611	1.559944	0.606366
4684	-0.305717	1.557281	0.604167
4693	-0.284778	1.554750	0.602043
4701	-0.257200	1.551128	0.599857
4712	-0.240001	1.548884	0.597917
4720	-0.223003	1.546707	0.597439
4728	-0.203374	1.544269	0.597557
4737	-0.186894	1.542317	0.597917
4747	-0.164274	1.539406	0.598060
4756	-0.148824	1.537608	0.598008
4765	-0.133935	1.535832	0.597917
4773	-0.120341	1.534124	0.597895
4783	-0.101577	1.531535	0.597917
4792	-0.090727	1.529581	0.597926
4800	-0.083554	1.527912	0.597924
4811	-0.077680	1.526181	0.597917
4820	-0.072859	1.523491	0.597916
4828	-0.071124	1.521618	0.597917
4837	-0.069728	1.519748	0.597917
4846	-0.070097	1.517759	0.597911
4854	-0.071552	1.514252	0.597909
4863	-0.074916	1.512101	0.597917
4875	-0.080217	1.509801	0.597946
4882	-0.087174	1.507403	0.597952
4892	-0.100240	1.503549	0.597917
4901	-0.109755	1.500879	0.597850
4909	-0.123085	1.497557	0.597917
4918	-0.134376	1.494615	0.598211
4930	-0.151880	1.489976	0.598306
4936	-0.164184	1.486733	0.597917
4945	-0.176875	1.483417	0.596619
4964	-0.202593	1.476431	0.593750
4971	-0.224714	1.470926	0.593785
4981	-0.244335	1.466482	0.594220
4991	-0.261669	1.462619	0.593750
4999	-0.280605	1.458662	0.591890
5008	-0.311123	1.452475	0.589583
5017	-0.332543	1.448255	0.588678
5026	-0.355328	1.443959	0.588803
5039	-0.380204	1.439546	0.589583
5045	-0.424647	1.431904	0.589739
5053	-0.454182	1.427217	0.589713
5063	-0.485442	1.422372	0.589583
5072	-0.517510	1.417404	0.589553
5081	-0.569550	1.409676	0.589583
5089	-0.603843	1.404403	0.589597
5098	-0.637541	1.398961	0.589593
5107	-0.677130	1.392468	0.589583
5118	-0.725645	1.383956	0.589579
5126	-0.757591	1.378146	0.589581
5134	-0.789262	1.372249	0.589583
5148	-0.818220	1.366242	0.589584
5154	-0.857061	1.357106	0.589583
5162	-0.880527	1.350950	0.589583
5171	-0.904313	1.343745	0.589583
5180	-0.921788	1.337545	0.589583
5188	-0.935243	1.331312	0.589583
5197	-0.948170	1.322021	0.589583
5208	-0.949497	1.315891	0.589583
5215	-0.944006	1.309825	0.589583
5225	-0.931504	1.303889	0.589583
5233	-0.897871	1.294338	0.589583
5243	-0.872363	1.288891	0.589583
5251	-0.843492	1.283659	0.589583
5261	-0.810364	1.278662	0.589583
5269	-0.756597	1.271586	0.589583
5279	-0.717440	1.267225	0.589583
5288	-0.677023	1.263088	0.589583
5296	-0.629655	1.258647	0.589583
5305	-0.587341	1.255088	0.589583
5315	-0.525182	1.250152	0.589583
5323	-0.485868	1.247195	0.589583
5335	-0.447573	1.244446	0.589583
5342	-0.406281	1.241463	0.589583
5351	-0.365328	1.238281	0.589583
5360	-0.337182	1.235680	0.589583
5372	-0.303691	1.232468	0.589583
5380	-0.291658	1.231529	0.589583
5390	-0.255419	1.228520	0.589583
5406	-0.210823	1.224765	0.589583
5415	-0.189883	1.222917	0.589583
5422	-0.159781	1.219815	0.589583
5433	-0.145302	1.217997	0.589583
5442	-0.132544	1.216136	0.589583
5450	-0.119945	1.214242	0.589583
5460	-0.102798	1.211220	0.589583
5468	-0.094259	1.209203	0.589583
5481	-0.083406	1.205551	0.589583
5487	-0.080996	1.204556	0.589583
5495	-0.077528	1.202299	0.589583
5504	-0.075685	1.198646	0.589583
5514	-0.076208	1.196146	0.589583
5522	-0.078132	1.193545	0.589583
5533	-0.082357	1.190819	0.589583
5539	-0.091778	1.185952	0.589583
5551	-0.098493	1.182917	0.589583
5558	-0.107468	1.179802	0.589583
5567	-0.116673	1.176536	0.589583
5576	-0.133070	1.171382	0.589583
5595	-0.160861	1.164207	0.589583
5603	-0.177343	1.160456	0.589583
5614	-0.207988	1.153838	0.589583
5622	-0.227605	1.149776	0.589583
5632	-0.249723	1.145582	0.589583
5640	-0.271884	1.141270	0.589583
5648	-0.307650	1.134518	0.589583
5657	-0.333036	1.129910	0.589583
5666	-0.363431	1.124326	0.589583
5676	-0.390597	1.119448	0.589584
5685	-0.430879	1.111851	0.589583
5703	-0.486031	1.101426	0.589580
5712	-0.513053	1.096060	0.589583
5720	-0.554243	1.087757	0.589590
5730	-0.583218	1.082154	0.589595
5739	-0.615808	1.075460	0.589583
5748	-0.644491	1.069645	0.589555
5759	-0.672561	1.063742	0.589542
5766	-0.710027	1.054702	0.589583
5774	-0.733104	1.048639	0.589671
5784	-0.755747	1.042535	0.589583
5793	-0.780529	1.035316	0.589186
5801	-0.812833	1.025951	0.588934
5812	-0.832302	1.019690	0.589583
5820	-0.851454	1.013401	0.591061
5828	-0.869050	1.007068	0.592826
5837	-0.890226	0.997517	0.593750
5849	-0.901371	0.991197	0.592656
5856	-0.910499	0.983840	0.592085
5865	-0.914330	0.977609	0.593750
5874	-0.904346	0.968390	0.598450
5884	-0.884683	0.962464	0.604167
5892	-0.854107	0.956760	0.605735
5901	-0.817111	0.951349	0.605082
5910	-0.754364	0.943806	0.604167
5921	-0.701152	0.938522	0.605197
5928	-0.654765	0.934416	0.606656
5937	-0.608808	0.930636	0.608333
5947	-0.561710	0.927194	0.609215
5954	-0.493886	0.922575	0.609162
5964	-0.453629	0.919921	0.608333
5974	-0.418926	0.917509	0.607284
5984	-0.385225	0.914938	0.608333
5992	-0.351982	0.911879	0.611471
6000	-0.334365	0.910031	0.613484
6009	-0.320160	0.908243	0.608333
6014	-0.313164	0.907306	0.599165
6032	-0.292533	0.903835	0.560417
6038	-0.283723	0.902117	0.551535
6045	-0.274097	0.900100	0.539935
6051	-0.267464	0.898338	0.528392
6063	-0.258926	0.895578	0.475000
6073	-0.252247	0.893785	0.394825
6083	-0.245848	0.891960	0.291943
6090	-0.240774	0.890097	0.218750
6099	-0.233342	0.887081	0.150072
6109	-0.222927	0.884703	0.091095
6117	-0.210107	0.882692	0.054167
6126	-0.192854	0.880732	0.027193
6145	-0.123365	0.876207	-0.000000
6154	-0.094213	0.874708	-0.001293
6162	-0.066688	0.873336	0.000000
6172	-0.039146	0.872115	0.000656
6181	0.002677	0.870329	0.000395
6189	0.022360	0.869500	-0.000000
6200	0.038168	0.868781	-0.000185
6207	0.051025	0.868145	-0.000124
6217	0.065608	0.867217	0.000000
6226	0.071764	0.866739	0.000026
6235	0.073656	0.866185	-0.000000
6248	0.072441	0.865751	-0.000012
6253	0.069824	0.865060	-0.000008
6262	0.066217	0.864702	0.000000
6271	0.060426	0.864366	0.000003
6280	0.054141	0.864039	0.000002
6290	0.044687	0.863494	-0.000000
6298	0.036588	0.863163	-0.000001
6307	0.026623	0.862955	-0.000000
6315	0.012983	0.862750	0.000000
6324	-0.001811	0.862540	0.000000
6335	-0.024756	0.862144	-0.000000
6343	-0.042064	0.861923	-0.000000
6357	-0.059893	0.861678	0.000000
6371	-0.101855	0.860792	0.000000
6379	-0.115385	0.860491	0.000000
6388	-0.128796	0.860197	-0.000000
6397	-0.139962	0.859891	-0.000000
6407	-0.151219	0.859391	-0.000000
6416	-0.156084	0.859145	0.000000
6424	-0.158517	0.858832	0.000000
6433	-0.157672	0.858649	0.000000
6443	-0.150774	0.858429	-0.000000
6452	-0.141856	0.858451	-0.000000
6460	-0.131244	0.858536	0.000000
6472	-0.110502	0.858781	0.000000
6479	-0.094127	0.859118	0.000000
6487	-0.071203	0.859668	-0.000000
6496	-0.050139	0.860269	-0.000000
6505	-0.029967	0.861037	-0.000000
6515	-0.008926	0.861889	0.000000
6523	0.022812	0.863271	0.000000
6533	0.041600	0.864364	-0.000000
6542	0.058469	0.865555	-0.000000
6550	0.075670	0.866939	-0.000000
6559	0.093013	0.868725	0.000000
6569	0.103231	0.869977	0.000000
6581	0.115995	0.871711	-0.000000
6587	0.120203	0.872381	-0.000000
6595	0.131389	0.874016	-0.000000
6605	0.138065	0.875122	-0.000000
6614	0.145510	0.876326	0.000000
6622	0.152842	0.877327	0.000000
6634	0.163162	0.878684	-0.000000
6640	0.169688	0.879567	-0.000000
6649	0.176967	0.880409	-0.000000
6659	0.183625	0.881237	-0.000000
6668	0.193848	0.882334	0.000000
6677	0.200470	0.883179	0.000000
6691	0.209545	0.884171	-0.000000
6696	0.212578	0.884591	-0.000000
6704	0.221177	0.885524	-0.000000
6713	0.226042	0.886188	0.000000
6722	0.229783	0.886858	0.000000
6731	0.233377	0.887502	0.000000
6740	0.236628	0.888143	-0.000000
6749	0.239836	0.889105	-0.000000
6758	0.239843	0.889743	-0.000000
6766	0.239249	0.890372	0.000000
6775	0.237832	0.890990	0.000000
6785	0.234575	0.891889	-0.000000
6803	0.223929	0.893247	-0.000000
6812	0.216874	0.893862	0.000000
6821	0.204894	0.894718	0.000000
6830	0.194595	0.895310	0.000000
6839	0.182761	0.895884	-0.000000
6848	0.169534	0.896443	-0.000000
6857	0.147273	0.897122	-0.000000
6866	0.129070	0.897605	0.000000
6876	0.113492	0.898002	0.000000
6884	0.097201	0.898353	0.000000
6893	0.070685	0.898694	-0.000000
6907	0.052713	0.898926	-0.000000
6913	0.035182	0.899096	0.000000
6920	0.018344	0.899195	-0.000000
6925	0.011079	0.899237	-0.000000
6934	-0.000262	0.899246	0.000000
6948	-0.036219	0.899118	0.000000
6956	-0.048435	0.899043	0.000000
6965	-0.060372	0.898942	-0.000000
6975	-0.075342	0.898695	-0.000000
6984	-0.083561	0.898566	0.000000
6992	-0.091935	0.898370	0.000000
7001	-0.097716	0.898230	0.000000
7010	-0.104256	0.897966	-0.000000
7021	-0.108216	0.897883	-0.000000
7029	-0.110795	0.897796	-0.000000
7037	-0.112481	0.897708	0.000000
7046	-0.112956	0.897567	0.000000
7055	-0.113370	0.897508	0.000000
7064	-0.113843	0.897479	-0.000000
7074	-0.112317	0.897462	-0.000000
7085	-0.109452	0.897442	0.000000
7092	-0.108581	0.897492	0.000000
7101	-0.107857	0.897536	0.000000
7110	-0.105654	0.897603	-0.000000
7118	-0.103501	0.897669	-0.000000
7131	-0.101696	0.897742	-0.000000
7137	-0.099825	0.897862	0.000000
7146	-0.097355	0.897964	0.000000
7155	-0.095004	0.898083	0.000000
7163	-0.092797	0.898198	-0.000000
7173	-0.090809	0.898346	-0.000000
7182	-0.087023	0.898472	-0.000000
7191	-0.084328	0.898612	0.000000
7200	-0.079342	0.898801	0.000000
7209	-0.075565	0.898971	0.000000
7219	-0.072258	0.899178	-0.000000
7227	-0.068105	0.899383	-0.000000
7244	-0.059187	0.899975	0.000000
7254	-0.055190	0.900247	0.000000
7263	-0.051778	0.900540	-0.000000
7273	-0.049839	0.900920	-0.000000
7282	-0.048465	0.901240	-0.000000
7290	-0.046520	0.901548	0.000000
7299	-0.045537	0.901872	0.000000
7308	-0.044388	0.902224	0.000000
7317	-0.042490	0.902684	-0.000000
7326	-0.041331	0.903034	-0.000000
7336	-0.040290	0.903407	0.000000
7349	-0.038006	0.903784	0.000000
7362	-0.031153	0.904845	-0.000000
7374	-0.027331	0.905415	-0.000000
7380	-0.023747	0.905983	-0.000000
7388	-0.018042	0.906820	0.000000
7398	-0.013908	0.907501	0.000000
7407	-0.009045	0.908226	0.000000
7416	-0.003408	0.908973	-0.000000
7425	0.005499	0.910147	-0.000000
7435	0.013489	0.911198	0.000000
7443	0.021771	0.912192	0.000000
7452	0.030237	0.913244	0.000000
7463	0.044309	0.914918	-0.000000
7471	0.055183	0.916189	-0.000000
7480	0.067540	0.917521	-0.000000
7488	0.080381	0.918942	0.000000
7497	0.095269	0.920690	0.000000
7507	0.114269	0.923091	0.000000
7515	0.127770	0.924826	-0.000000
7525	0.141881	0.926686	-0.000000
7536	0.157192	0.928631	0.000000
7542	0.179658	0.931616	0.000001
7551	0.195066	0.933778	0.000003
7561	0.212935	0.936412	0.000004
7571	0.234731	0.939875	-0.000000
7578	0.248481	0.942354	-0.000006
7588	0.261318	0.944877	-0.000010
7597	0.272125	0.947460	0.000000
7605	0.281756	0.950054	0.000026
7614	0.293993	0.953953	0.000042
7624	0.301237	0.957087	-0.000000
7633	0.307801	0.959748	-0.000104
7642	0.313174	0.962464	-0.000146
7650	0.317046	0.965135	0.000000
7660	0.322786	0.969090	0.000405
7668	0.326094	0.971741	0.000668
7681	0.329831	0.975634	-0.000000
7687	0.331568	0.977443	-0.000980
7697	0.336829	0.981302	-0.002880
7705	0.341295	0.983941	-0.003540
7714	0.345856	0.986570	-0.003364
7723	0.350909	0.989245	-0.007354
7731	0.358706	0.993193	-0.019469
7737	0.361585	0.994652	-0.035035
7752	0.371004	0.999109	-0.086726
7759	0.375648	1.001890	-0.103839
7768	0.381590	1.006111	-0.121569
7777	0.386503	1.009019	-0.133317
7790	0.390707	1.011912	-0.150442
7796	0.396365	1.014932	-0.160642
7805	0.407529	1.019457	-0.176053
7813	0.415917	1.023185	-0.194690
7822	0.424838	1.026481	-0.213975
7831	0.434119	1.029857	-0.233894
7840	0.442206	1.035149	-0.256637
7849	0.445286	1.038820	-0.279020
7858	0.447843	1.042498	-0.301027
7867	0.449576	1.046301	-0.322124
7877	0.450583	1.050792	-0.342622
7885	0.454214	1.056580	-0.359292
7903	0.467962	1.064756	-0.403208
7912	0.478345	1.068939	-0.426549
7920	0.496532	1.075384	-0.449845
7930	0.508467	1.079865	-0.474660
7940	0.523474	1.085261	-0.493805
7948	0.537102	1.089998	-0.506334
7958	0.559103	1.097309	-0.519809
7966	0.574243	1.102390	-0.532743
7976	0.591611	1.107536	-0.552400
7986	0.610654	1.112864	-0.573451
7994	0.638456	1.121008	-0.584619
8007	0.660545	1.127543	-0.594713
8013	0.679465	1.133357	-0.598230
8020	0.695795	1.139194	-0.602687
8029	0.720185	1.148085	-0.608770
8039	0.736348	1.154171	-0.615929
8048	0.753619	1.160317	-0.622648
8057	0.772394	1.166536	-0.629491
8066	0.793976	1.173964	-0.637168
8077	0.820615	1.183557	-0.644995
8086	0.837998	1.190101	-0.650959
8094	0.855793	1.196745	-0.654867
8124	0.921482	1.225157	-0.660177
8134	0.935730	1.232195	-0.664171
8141	0.949857	1.239228	-0.667257
8150	0.962331	1.246353	-0.668607
8158	0.979428	1.257129	-0.668177
8169	0.990124	1.264420	-0.666023
8177	1.000835	1.271764	-0.664179
8186	1.010417	1.279187	-0.661947
8195	1.024028	1.291592	-0.659704
8204	1.030910	1.299153	-0.654899
8212	1.036953	1.306748	-0.646018
8227	1.043859	1.325834	-0.623009
8241	1.042992	1.333537	-0.612729
8249	1.040707	1.342535	-0.610076
8258	1.036526	1.350214	-0.605310
8267	1.030699	1.357914	-0.596292
8276	1.020316	1.369351	-0.583575
8286	1.012515	1.376999	-0.569911
8294	1.004372	1.384605	-0.559354
8303	0.995764	1.392229	-0.550037
8312	0.979591	1.404771	-0.541593
8321	0.969481	1.412302	-0.534182
8330	0.960514	1.419787	-0.527913
8342	0.947537	1.430960	-0.520354
8349	0.938963	1.438434	-0.516428
8357	0.930852	1.445896	-0.506390
8366	0.923490	1.453344	-0.483186
8376	0.913738	1.462102	-0.440920
8385	0.897666	1.473087	-0.391150
8394	0.882657	1.480345	-0.345933
8402	0.862746	1.487550	-0.304922
8411	0.840032	1.494640	-0.260177
8421	0.801165	1.504910	-0.209705
8429	0.772515	1.511506	-0.168602
8439	0.737564	1.518943	-0.125664
8451	0.689003	1.527924	-0.079938
8457	0.658374	1.533703	-0.060177
8465	0.628101	1.539183	-0.038303
8475	0.596696	1.544449	-0.014029
8484	0.567250	1.549463	0.000000
8492	0.540288	1.554220	0.004095
8501	0.497533	1.561681	0.003209
8511	0.473785	1.565873	-0.000000
8519	0.454514	1.569873	-0.001130
8529	0.438614	1.573731	-0.000709
8537	0.419667	1.579224	0.000000
8547	0.411213	1.582765	0.000327
8565	0.402197	1.589615	-0.000000
8575	0.398017	1.595111	-0.000081
8584	0.394288	1.598373	-0.000045
8592	0.390901	1.601575	0.000000
8601	0.388553	1.604769	0.000011
8609	0.386426	1.609431	-0.000000
8618	0.385628	1.612530	-0.000006
8628	0.385652	1.616123	-0.000004
8637	0.386083	1.619169	0.000000
8646	0.388776	1.623785	0.000002
8655	0.389996	1.626900	0.000002
8668	0.391063	1.630037	-0.000000
8675	0.393212	1.633186	-0.000000
8682	0.395227	1.636381	-0.000000
8691	0.400581	1.641771	0.000000
8700	0.404138	1.645073	0.000000
8709	0.408928	1.648485	0.000000
8718	0.415056	1.651947	-0.000000
8726	0.422645	1.657299	-0.000000
8738	0.425576	1.661002	0.000000
8747	0.426664	1.664767	0.000000
8755	0.424879	1.669266	0.000000
8764	0.414398	1.675142	-0.000000
8782	0.386784	1.683095	0.000000
8791	0.370041	1.687083	0.000000
8799	0.342156	1.692990	0.000000
8810	0.324323	1.696894	-0.000000
8818	0.307418	1.701447	-0.000000
8826	0.296038	1.705330	-0.000000
8836	0.283844	1.711196	0.000000
8844	0.276905	1.715141	0.000000
8854	0.270431	1.719082	0.000000
8862	0.263247	1.723025	-0.000000
8871	0.252636	1.728938	-0.000000
8881	0.246539	1.733500	-0.000000
8891	0.242793	1.737403	0.000000
8899	0.239766	1.741338	0.000000
8907	0.238438	1.745232	0.000000
8916	0.237556	1.751078	-0.000000
8926	0.237015	1.754950	-0.000000
8936	0.236311	1.758795	-0.000000
8944	0.235059	1.763342	0.000000
8952	0.233287	1.769067	0.000000
8962	0.233070	1.772854	-0.000000
8970	0.233521	1.776593	-0.000000
8979	0.233078	1.780302	-0.000000
8990	0.232784	1.785803	0.000000
9002	0.233327	1.791758	0.000000
9008	0.234000	1.793493	-0.000000
9016	0.235311	1.796943	-0.000000
9024	0.237395	1.802016	-0.000000
9034	0.238745	1.805304	0.000000
9043	0.240967	1.808528	0.000000
9052	0.244128	1.811627	0.000000
9062	0.249150	1.816731	-0.000000
9070	0.253620	1.819635	-0.000000
9079	0.258035	1.822500	-0.000000
9088	0.262067	1.825309	0.000000
9097	0.266755	1.828041	0.000000
9116	0.276627	1.834543	-0.000000
9123	0.279665	1.836981	-0.000000
9134	0.282576	1.839757	0.000000
9142	0.286341	1.843128	0.000000
9151	0.288944	1.845225	0.000000
9159	0.291253	1.847266	0.000000
9169	0.294188	1.849216	-0.000000
9178	0.297985	1.851973	-0.000000
9188	0.300494	1.853700	0.000000
9197	0.304171	1.855616	0.000000
9206	0.306620	1.857179	0.000000
9219	0.311818	1.860778	-0.000000
9232	0.313441	1.862065	-0.000000
9241	0.314415	1.863303	0.000000
9250	0.315157	1.864445	0.000000
9260	0.316101	1.866220	0.000000
9268	0.315991	1.867176	-0.000000
9277	0.314570	1.868069	-0.000000
9287	0.311295	1.869286	0.000000
9296	0.309095	1.869992	0.000000
9305	0.305591	1.870647	0.000000
9314	0.301030	1.871235	-0.000000
9322	0.294077	1.871811	-0.000000
9332	0.283001	1.872400	0.000000
9341	0.274155	1.872688	0.000000
9349	0.263923	1.872870	0.000000
9359	0.251321	1.873011	-0.000000
9368	0.229435	1.873026	-0.000000
9376	0.213634	1.872904	-0.000000
9385	0.193874	1.872646	0.000000
9391	0.179272	1.872385	0.000000
9403	0.147799	1.871657	0.000000
9413	0.127855	1.871114	-0.000000
9423	0.106694	1.870497	-0.000000
9430	0.084846	1.869795	-0.000000
9441	0.051265	1.868568	0.000000
9449	0.024268	1.867479	0.000000
9458	0.000997	1.866437	0.000000
9467	-0.022465	1.865338	-0.000000
9476	-0.045150	1.864136	-0.000000
9486	-0.079392	1.862208	0.000000
9493	-0.100737	1.860801	0.000000
9502	-0.120301	1.859339	0.000000
9511	-0.142310	1.857560	-0.000000
9521	-0.169541	1.855198	-0.000000
9530	-0.188766	1.853536	-0.000000
9540	-0.207812	1.851850	0.000000
9551	-0.231992	1.849184	0.000000
9558	-0.246815	1.847400	-0.000000
9566	-0.259667	1.845555	-0.000000
9575	-0.272942	1.843389	-0.000000
9585	-0.281287	1.841536	0.000000
9594	-0.290426	1.838825	0.000000
9602	-0.295778	1.837031	0.000000
9611	-0.300989	1.835288	-0.000000
9620	-0.304234	1.833558	-0.000000
9629	-0.306010	1.831091	-0.000000
9639	-0.305873	1.829213	0.000000
9647	-0.304985	1.827658	0.000000
9665	-0.301033	1.824100	-0.000000
9675	-0.299286	1.822801	-0.000000
9685	-0.297284	1.821579	-0.000000
9693	-0.294391	1.820361	0.000000
9701	-0.288848	1.818458	0.000000
9711	-0.285532	1.817420	0.000000
9720	-0.281741	1.816420	-0.000000
9725	-0.278432	1.815777	-0.000000
9739	-0.267799	1.814237	0.000000
9747	-0.261583	1.813447	0.000000
9756	-0.253886	1.812689	0.000000
9770	-0.243153	1.811909	-0.000000
9784	-0.217252	1.810521	-0.000000
9792	-0.204171	1.810107	0.000000
9801	-0.188970	1.809764	0.000000
9810	-0.171443	1.809491	0.000000
9818	-0.143686	1.809309	-0.000000
9828	-0.119203	1.809350	-0.000000
9838	-0.094054	1.809524	0.000000
9846	-0.067425	1.809842	0.000000
9856	-0.027342	1.810667	0.000000
9864	-0.000754	1.811401	-0.000000
9878	0.024139	1.812274	-0.000000
9884	0.051228	1.813486	0.000000
9891	0.079291	1.815247	0.000000
9901	0.094640	1.816544	0.000000
9909	0.109662	1.817896	-0.000000
9919	0.123709	1.819336	-0.000000
9927	0.142486	1.821555	-0.000000
9936	0.153022	1.823071	0.000000
9945	0.161123	1.824619	0.000000
9955	0.170097	1.826432	0.000000
9964	0.181289	1.828775	-0.000000
9973	0.187871	1.830342	-0.000000
9981	0.194715	1.831883	-0.000000
9991	0.202400	1.833418	0.000000
9999	0.211334	1.834960	0.000000
10009	0.226251	1.837580	0.000000
10018	0.234658	1.839125	-0.000000
10026	0.242056	1.840686	-0.000000
10037	0.250004	1.842278	0.000000
10044	0.261302	1.844660	0.000000
10055	0.266659	1.846231	0.000000
10063	0.271409	1.847783	-0.000000
10072	0.274867	1.849565	-0.000000
10080	0.274568	1.851780	-0.000000
10102	0.263488	1.855150	0.000000
10108	0.259851	1.855748	-0.000000
10117	0.247467	1.857370	-0.000000
10126	0.236979	1.858347	-0.000000
10135	0.224003	1.859188	0.000000
10144	0.209183	1.859999	0.000000
10153	0.188948	1.860765	0.000000
10161	0.174293	1.861099	-0.000000
10180	0.148821	1.861339	-0.000000
10191	0.137333	1.861306	0.000000
10199	0.121974	1.861058	0.000000
10212	0.104178	1.860556	-0.000000
10218	0.099450	1.860353	-0.000000
10225	0.090749	1.859894	-0.000000
10235	0.080099	1.859098	0.000000
10243	0.077075	1.858492	0.000000
10252	0.076767	1.857907	0.000000
10261	0.077922	1.857272	-0.000000
10269	0.080906	1.856547	-0.000000
10279	0.083625	1.856125	-0.000000
10288	0.087628	1.855747	0.000000
10297	0.092060	1.855442	0.000000
10306	0.100590	1.855184	0.000000
10320	0.108210	1.855130	-0.000000
10336	0.126705	1.855446	0.000000
10342	0.140036	1.856054	0.000000
10351	0.148544	1.856659	0.000000
10361	0.156061	1.857416	0.000000
10369	0.163269	1.858306	-0.000000
10380	0.177557	1.859962	-0.000000
10388	0.190750	1.861520	0.000000
10396	0.203525	1.863047	0.000000
10405	0.218366	1.864770	0.000000
10414	0.236567	1.866734	-0.000000
10423	0.266451	1.870058	-0.000000
10434	0.287133	1.872579	0.000000
10442	0.308220	1.875330	0.000000
10450	0.334424	1.878809	0.000000
10458	0.369315	1.883739	-0.000000
10470	0.391567	1.887292	-0.000000
10477	0.412688	1.891033	-0.000000
10488	0.432449	1.895010	0.000000
10496	0.456620	1.901284	0.000000
10504	0.468549	1.905618	0.000000
10513	0.478409	1.910856	-0.000000
10523	0.483868	1.915385	-0.000000
10532	0.486551	1.922267	-0.000000
10543	0.484089	1.926901	0.000000
10550	0.478286	1.931517	0.000000
10558	0.469248	1.936075	0.000000
10567	0.459349	1.940625	-0.000000
10577	0.438473	1.947977	-0.000000
10586	0.422955	1.952249	0.000000
10595	0.406291	1.956430	0.000000
10603	0.387724	1.960477	0.000000
10614	0.360027	1.966342	-0.000000
10621	0.340354	1.970066	-0.000000
10631	0.318652	1.973642	-0.000000
10640	0.294386	1.977049	0.000000
10653	0.249991	1.982381	0.000000
10659	0.220902	1.985317	0.000000
10667	0.191700	1.988040	-0.000000
10672	0.193633	1.987648	-0.000000
